,Rk,Tm,2018-19,Name,Pos,G,GS,FG,FG%,3P,3P%,eFG%,FT%,ORB,TRB,AST,STL,BLK,PS/G,TOV,Age,WS,PER,MP,TRB%,AST%,TOV%,OWS,DWS
0,1,GSW,37457154,Stephen Curry,PG,51,51,8.4,0.495,4.2,0.423,0.618,0.9209999999999999,0.7,5.1,6.1,1.6,0.2,26.4,3.0,29,9.1,28.2,1631,9.0,30.3,13.3,7.2,1.8
1,4,HOU,35654150,Chris Paul,PG,58,58,6.3,0.46,2.5,0.38,0.55,0.919,0.6,5.4,7.9,1.7,0.2,18.6,2.2,32,10.2,24.4,1847,9.5,40.9,12.5,7.5,2.7
2,2,LAL,35654150,LeBron James,PF,82,82,10.5,0.542,1.8,0.36700000000000005,0.59,0.731,1.2,8.6,9.1,1.4,0.9,27.5,4.2,33,14.0,28.6,3026,13.1,44.4,16.1,11.0,3.0
3,5,OKC,35350000,Russell Westbrook,PG,80,80,9.5,0.449,1.2,0.298,0.47700000000000004,0.737,1.9,10.1,10.3,1.8,0.3,25.4,4.8,29,10.1,24.7,2914,15.3,49.8,16.4,5.5,4.5
4,6,DET,31873932,Blake Griffin,PF,58,58,7.5,0.43799999999999994,1.9,0.345,0.493,0.785,1.3,7.4,5.8,0.7,0.3,21.4,2.8,28,4.9,19.6,1970,12.0,28.1,12.6,3.2,1.8
5,7,BOS,31214295,Gordon Hayward,SF,1,1,1.0,0.5,0.0,0.0,0.5,,0.0,1.0,0.0,0.0,0.0,2.0,0.0,27,0.0,7.3,5,10.9,0.0,0.0,0.0,0.0
6,8,TOR,31000000,Kyle Lowry,PG,78,78,5.2,0.42700000000000005,3.1,0.39899999999999997,0.5529999999999999,0.8540000000000001,0.8,5.6,6.9,1.1,0.2,16.2,2.3,31,10.2,19.5,2510,9.7,30.9,14.7,7.0,3.1
7,9,OKC,30560700,Paul George,SF,79,79,7.3,0.43,3.1,0.401,0.521,0.82,0.9,5.7,3.3,2.0,0.5,21.9,2.7,27,8.9,18.7,2891,8.6,14.5,12.2,5.0,3.9
8,10,MEM,30521115,Mike Conley,PG,12,12,5.3,0.381,2.0,0.312,0.452,0.8029999999999999,0.0,2.3,4.1,1.0,0.3,17.1,1.5,30,0.6,15.4,373,4.2,22.2,8.4,0.4,0.2
9,11,HOU,30431854,James Harden,SG,72,72,9.0,0.449,3.7,0.36700000000000005,0.541,0.858,0.6,5.4,8.8,1.8,0.7,30.4,4.4,28,15.4,29.8,2551,8.6,45.1,15.1,11.6,3.8
10,12,GSW,30000000,Kevin Durant,PF,68,68,9.3,0.516,2.5,0.419,0.586,0.889,0.5,6.8,5.4,0.7,1.8,26.4,3.0,29,10.4,26.0,2325,11.2,25.5,12.9,7.5,2.9
11,13,DEN,29730769,Paul Millsap,PF,38,37,5.3,0.46399999999999997,1.0,0.345,0.509,0.696,1.7,6.4,2.7,1.0,1.2,14.6,1.9,32,2.5,17.0,1143,12.1,13.6,12.6,1.4,1.1
12,14,BOS,28928710,Al Horford,C,72,72,5.1,0.489,1.3,0.429,0.5529999999999999,0.7829999999999999,1.4,7.4,4.7,0.6,1.1,12.9,1.8,31,7.8,17.6,2277,12.7,23.6,14.1,4.0,3.8
13,15,POR,27977689,Damian Lillard,PG,73,73,8.5,0.439,3.1,0.361,0.519,0.9159999999999999,0.8,4.5,6.6,1.1,0.4,26.9,2.8,27,12.6,25.2,2670,6.6,30.9,11.1,9.9,2.7
14,16,OKC,27928140,Carmelo Anthony,PF,78,78,6.1,0.40399999999999997,2.2,0.35700000000000004,0.47600000000000003,0.767,0.9,5.8,1.3,0.6,0.6,16.2,1.3,33,3.7,12.7,2501,10.0,6.5,7.3,1.2,2.5
15,17,SAS,27739975,DeMar DeRozan,SG,80,80,8.1,0.456,1.1,0.312,0.488,0.825,0.7,3.9,5.2,1.1,0.3,23.0,2.2,28,9.6,21.0,2711,6.5,25.0,9.5,6.8,2.8
16,19,NOP,26131111,Jrue Holiday,SG,81,81,7.6,0.494,1.5,0.337,0.5429999999999999,0.7859999999999999,0.8,4.5,6.0,1.5,0.8,19.0,2.6,27,7.1,17.8,2927,6.8,24.9,13.6,4.2,2.9
17,20,WAS,26011913,Otto Porter,SF,77,77,5.8,0.503,1.8,0.441,0.581,0.828,1.3,6.4,2.0,1.5,0.5,14.7,1.0,24,8.1,18.3,2432,11.4,10.1,7.4,5.0,3.1
18,21,POR,25759766,CJ McCollum,SG,81,81,8.2,0.44299999999999995,2.3,0.397,0.506,0.836,0.7,4.0,3.4,1.0,0.4,21.4,1.9,26,6.6,17.0,2923,6.0,15.8,8.6,3.7,2.9
19,22,DEN,25467250,Nikola Jokic,C,75,73,6.7,0.499,1.5,0.396,0.5539999999999999,0.85,2.6,10.7,6.1,1.2,0.8,18.5,2.8,22,10.7,24.4,2443,18.5,29.6,15.5,7.8,2.9
20,25,DET,25434263,Andre Drummond,C,78,78,6.0,0.529,0.0,0.0,0.529,0.605,5.1,16.0,3.0,1.5,1.6,15.0,2.6,24,10.3,22.9,2625,26.2,14.3,15.9,4.6,5.7
21,26,MIA,25434263,Hassan Whiteside,C,54,54,5.8,0.54,0.0,1.0,0.542,0.703,3.2,11.4,1.0,0.7,1.7,14.0,1.7,28,5.3,24.1,1364,25.4,6.9,12.3,2.3,3.0
22,24,NOP,25434263,Anthony Davis,PF,75,75,10.4,0.534,0.7,0.34,0.552,0.828,2.5,11.1,2.3,1.5,2.6,28.1,2.2,24,13.7,28.9,2727,16.5,10.8,8.6,8.8,4.9
23,23,WAS,25434263,Bradley Beal,SG,82,82,8.3,0.46,2.4,0.375,0.527,0.7929999999999999,0.7,4.4,4.5,1.2,0.4,22.6,2.6,24,6.9,18.4,2977,6.9,21.0,11.5,4.4,2.5
24,27,MIN,25250000,Andrew Wiggins,SF,82,82,6.9,0.43799999999999994,1.4,0.331,0.48100000000000004,0.643,1.0,4.4,2.0,1.1,0.6,17.7,1.7,22,2.1,13.0,2979,6.9,8.2,8.8,0.5,1.6
25,28,PHI,25250000,Joel Embiid,C,63,63,8.1,0.483,1.0,0.308,0.514,0.769,2.3,11.0,3.2,0.6,1.8,22.9,3.7,23,6.2,22.9,1912,19.4,18.0,15.6,2.3,3.8
26,29,OKC,24157303,Steven Adams,C,76,76,5.9,0.629,0.0,0.0,0.629,0.557,5.1,9.0,1.2,1.2,1.0,13.9,1.7,24,9.7,20.6,2487,15.3,5.5,13.2,6.7,3.0
27,30,MIL,24157303,Giannis Antetokounmpo,PF,75,75,9.9,0.529,0.6,0.307,0.545,0.76,2.1,10.0,4.8,1.5,1.4,26.9,3.0,23,11.9,27.3,2756,16.0,23.7,11.7,8.3,3.6
28,31,CLE,24119025,Kevin Love,C,59,59,5.7,0.45799999999999996,2.3,0.415,0.552,0.88,1.7,9.3,1.7,0.7,0.4,17.6,1.5,29,6.4,22.4,1651,18.6,9.8,9.6,4.7,1.6
29,32,MEM,24119025,Marc Gasol,C,73,73,5.9,0.42,1.5,0.341,0.473,0.8340000000000001,1.1,8.1,4.2,0.7,1.4,17.2,2.7,33,4.0,17.4,2408,14.2,21.7,14.1,1.5,2.6
30,33,MEM,24107258,Chandler Parsons,SF,36,8,3.0,0.462,1.4,0.42100000000000004,0.5710000000000001,0.63,0.4,2.5,1.9,0.5,0.3,7.9,1.0,29,1.1,13.6,691,7.5,16.4,12.5,0.7,0.4
31,34,DAL,24107258,Harrison Barnes,PF,77,77,7.0,0.445,1.5,0.35700000000000004,0.494,0.8270000000000001,1.0,6.1,2.0,0.6,0.2,18.9,1.5,25,3.8,15.8,2634,9.9,9.9,8.1,2.0,1.9
32,35,CHO,24000000,Nicolas Batum,SG,64,64,4.2,0.415,1.4,0.336,0.486,0.831,0.9,4.8,5.5,1.0,0.4,11.6,2.0,29,3.5,14.4,1981,8.4,26.2,15.6,1.7,1.8
33,36,UTA,23491573,Rudy Gobert,C,56,56,4.9,0.622,0.0,,0.622,0.682,2.9,10.7,1.4,0.8,2.3,13.5,1.9,25,8.1,20.7,1816,18.8,6.9,15.7,4.2,3.9
34,37,DAL,22900000,DeAndre Jordan,C,77,77,4.8,0.645,0.0,,0.645,0.58,4.3,15.2,1.5,0.5,0.9,12.0,1.8,29,9.4,20.2,2424,26.5,7.1,16.1,6.0,3.4
35,38,SAS,22347015,LaMarcus Aldridge,C,75,75,9.2,0.51,0.4,0.293,0.52,0.8370000000000001,3.3,8.5,2.0,0.6,1.2,23.1,1.5,32,10.9,25.0,2509,14.0,11.3,6.8,7.4,3.5
36,39,TOR,21666667,Serge Ibaka,PF,76,76,5.0,0.483,1.4,0.36,0.552,0.797,1.0,6.3,0.8,0.4,1.3,12.6,1.2,28,5.1,14.7,2093,12.8,4.4,9.7,2.1,3.0
37,40,LAC,21587579,Danilo Gallinari,SF,21,21,4.9,0.39799999999999996,1.7,0.324,0.469,0.9309999999999999,0.4,4.8,2.0,0.6,0.5,15.3,1.2,29,1.2,13.8,671,8.3,8.9,8.1,0.8,0.4
38,41,ORL,21000000,Aaron Gordon,PF,58,57,6.5,0.434,2.0,0.336,0.5,0.698,1.5,7.9,2.3,1.0,0.8,17.6,1.8,22,2.9,16.5,1909,13.2,11.7,10.0,0.9,2.0
39,42,IND,21000000,Victor Oladipo,SG,75,75,8.5,0.47700000000000004,2.1,0.371,0.537,0.799,0.6,5.2,4.3,2.4,0.8,23.1,2.9,25,8.3,23.1,2552,8.6,21.2,12.7,4.3,4.0
40,43,MIN,20445779,Jimmy Butler,SG,59,59,7.4,0.474,1.2,0.35,0.512,0.8540000000000001,1.3,5.3,4.9,2.0,0.4,22.2,1.8,28,8.9,23.7,2164,8.4,20.6,8.9,7.1,1.8
41,44,HOU,20421546,Ryan Anderson,PF,66,50,3.1,0.431,2.0,0.386,0.568,0.774,1.4,5.0,0.9,0.4,0.3,9.3,0.6,29,4.8,12.6,1725,10.8,5.1,7.5,3.1,1.7
42,45,TOR,20099189,Kawhi Leonard,SF,9,9,5.8,0.46799999999999997,1.2,0.314,0.518,0.816,0.7,4.7,2.3,2.0,1.0,16.2,1.8,26,0.9,26.0,210,11.1,17.7,11.1,0.3,0.5
43,46,BOS,20099188,Kyrie Irving,PG,60,60,8.9,0.491,2.8,0.408,0.568,0.889,0.6,3.8,5.1,1.1,0.3,24.4,2.3,25,8.9,25.0,1931,6.4,30.7,10.4,6.3,2.7
44,47,CHI,20000000,Jabari Parker,PF,31,3,5.2,0.48200000000000004,1.0,0.38299999999999995,0.529,0.741,1.4,4.9,1.9,0.8,0.3,12.6,1.5,22,1.2,17.1,743,11.9,13.1,11.2,0.6,0.6
45,48,CHI,19500000,Zach LaVine,SG,24,24,5.7,0.38299999999999995,1.8,0.341,0.442,0.813,0.4,3.9,3.0,1.0,0.2,16.7,1.8,22,0.3,14.6,656,7.7,18.6,9.7,-0.1,0.5
46,49,MIA,19245370,Tyler Johnson,PG,72,39,4.3,0.435,1.7,0.36700000000000005,0.518,0.8220000000000001,0.5,3.4,2.3,0.8,0.5,11.7,1.1,25,4.2,13.0,2052,6.8,12.4,9.5,1.9,2.3
47,50,WAS,19169800,John Wall,PG,41,41,6.8,0.42,1.5,0.371,0.466,0.726,0.5,3.7,9.6,1.4,1.1,19.4,3.9,27,2.7,19.1,1410,6.0,44.5,17.0,1.2,1.5
48,51,CLE,19000000,George Hill,PG,67,60,3.5,0.46,1.3,0.415,0.5429999999999999,0.7859999999999999,0.6,2.7,2.8,0.9,0.4,10.0,1.3,31,3.2,13.3,1812,5.7,15.0,13.3,2.3,0.9
49,52,MIN,19000000,Jeff Teague,PG,70,70,5.1,0.446,1.2,0.368,0.499,0.845,0.3,3.0,7.0,1.5,0.3,14.2,2.5,29,4.9,16.4,2311,5.2,30.6,16.4,3.4,1.4
50,53,GSW,18988725,Klay Thompson,SG,73,73,7.9,0.488,3.1,0.44,0.585,0.8370000000000001,0.4,3.8,2.5,0.8,0.5,20.0,1.8,27,4.9,16.1,2506,6.2,11.2,9.5,3.2,1.8
51,54,BRK,18919725,Dwight Howard,C,81,81,6.2,0.555,0.0,0.14300000000000002,0.556,0.574,3.1,12.5,1.3,0.6,1.6,16.6,2.6,32,6.8,20.5,2463,22.2,7.1,15.1,2.9,3.9
52,55,NYK,18622514,Enes Kanter,C,71,71,5.9,0.5920000000000001,0.0,0.0,0.5920000000000001,0.848,3.8,11.0,1.5,0.5,0.5,14.1,1.7,25,7.6,24.0,1830,23.6,9.4,13.3,5.5,2.1
53,56,DAL,18622514,Wesley Matthews,SF,63,62,4.5,0.406,2.4,0.381,0.516,0.8220000000000001,0.4,3.1,2.7,1.2,0.3,12.7,1.3,31,2.6,11.4,2131,5.2,12.3,10.1,1.0,1.6
54,57,NYK,18530000,Joakim Noah,C,7,0,0.7,0.5,0.0,,0.5,0.5,0.9,2.0,0.6,0.3,0.3,1.7,0.6,32,0.1,15.6,40,19.4,14.0,25.4,0.0,0.1
55,58,BRK,18500000,Allen Crabbe,SG,75,68,4.5,0.40700000000000003,2.7,0.37799999999999995,0.529,0.852,0.4,4.3,1.6,0.6,0.5,13.2,1.0,25,3.2,12.3,2197,7.8,8.4,8.1,1.8,1.4
56,59,MIA,18109175,Goran Dragic,PG,75,75,6.5,0.45,1.5,0.37,0.502,0.8009999999999999,0.7,4.1,4.8,0.8,0.2,17.3,2.2,31,5.3,16.6,2378,7.2,25.4,12.2,2.9,2.3
57,60,ATL,18089887,Kent Bazemore,SG,65,65,4.4,0.42,1.7,0.39399999999999996,0.5,0.7959999999999999,0.4,3.8,3.5,1.5,0.7,12.9,2.4,28,2.2,14.5,1789,7.7,20.1,17.0,0.2,2.0
58,61,LAL,18000000,Luol Deng,SF,1,1,1.0,0.5,0.0,,0.5,,0.0,0.0,1.0,1.0,0.0,2.0,1.0,32,0.0,5.5,13,0.0,10.1,33.3,0.0,0.0
59,62,POR,17868852,Evan Turner,SF,79,40,3.3,0.447,0.5,0.318,0.484,0.85,0.4,3.1,2.2,0.6,0.4,8.2,1.3,29,2.6,9.9,2034,6.5,12.4,13.7,0.5,2.1
60,64,CLE,17469565,Tristan Thompson,C,53,22,2.5,0.562,0.0,,0.562,0.544,2.4,6.6,0.6,0.3,0.3,5.8,0.7,26,2.5,13.6,1072,18.4,4.3,11.8,1.8,0.7
61,63,GSW,17469565,Draymond Green,PF,70,70,4.0,0.45399999999999996,1.1,0.301,0.516,0.775,1.1,7.6,7.3,1.4,1.3,11.0,2.9,27,6.1,16.1,2287,13.1,29.0,22.5,2.6,3.4
62,65,NYK,17325000,Tim Hardaway,SG,57,54,6.3,0.42100000000000004,2.3,0.317,0.496,0.816,0.6,3.9,2.7,1.1,0.2,17.5,1.6,25,2.6,14.4,1885,6.6,12.7,9.0,1.6,1.1
63,66,DET,17043478,Reggie Jackson,PG,45,45,5.5,0.426,1.2,0.308,0.47100000000000003,0.836,0.6,2.8,5.3,0.6,0.1,14.6,2.2,27,2.0,15.9,1201,5.7,32.8,13.5,1.1,0.9
64,67,ORL,17000000,Evan Fournier,SF,57,57,6.5,0.45899999999999996,2.2,0.379,0.5379999999999999,0.867,0.4,3.2,2.9,0.8,0.3,17.8,1.7,25,3.3,15.5,1837,5.4,14.8,9.8,2.4,0.9
65,68,CHO,17000000,Bismack Biyombo,C,82,25,2.2,0.52,0.0,0.0,0.52,0.65,1.8,5.7,0.8,0.3,1.2,5.7,1.0,25,2.9,14.1,1495,17.2,6.5,16.6,1.1,1.8
66,69,UTA,16900000,Derrick Favors,C,77,77,5.1,0.563,0.2,0.222,0.573,0.6509999999999999,2.6,7.2,1.3,0.7,1.1,12.3,1.1,26,8.0,18.8,2153,14.6,7.8,9.9,4.5,3.5
67,70,TOR,16539326,Jonas Valanciunas,C,77,77,5.1,0.568,0.4,0.405,0.59,0.8059999999999999,2.4,8.6,1.1,0.4,0.9,12.7,1.5,25,7.6,22.5,1727,21.4,7.5,12.9,4.6,3.0
68,71,DEN,16517857,Gary Harris,SG,67,65,6.6,0.485,2.3,0.396,0.57,0.8270000000000001,0.6,2.6,2.9,1.8,0.2,17.5,1.8,23,5.5,16.5,2304,4.3,13.0,10.8,3.9,1.5
69,73,ORL,16000000,Timofey Mozgov,C,31,13,1.7,0.5589999999999999,0.1,0.222,0.581,0.767,1.0,3.2,0.4,0.2,0.4,4.2,1.1,31,0.4,12.3,359,14.5,4.8,23.7,0.1,0.3
70,74,SAS,16000000,Pau Gasol,C,77,63,3.7,0.45799999999999996,0.6,0.358,0.49200000000000005,0.7559999999999999,1.7,8.0,3.1,0.3,1.0,10.1,1.4,37,6.0,18.9,1812,19.0,20.1,13.1,2.7,3.3
71,72,GSW,16000000,Andre Iguodala,SF,64,7,2.3,0.46299999999999997,0.5,0.282,0.514,0.632,0.8,3.8,3.3,0.8,0.6,6.0,1.0,34,3.2,11.2,1622,8.5,16.2,15.8,1.6,1.6
72,75,WAS,15944154,Ian Mahinmi,C,77,0,1.8,0.556,0.0,0.0,0.556,0.703,1.8,4.1,0.7,0.5,0.5,4.8,1.3,31,2.2,12.2,1145,15.4,6.6,24.7,0.8,1.4
73,76,ATL,15500000,Dennis Schroder,PG,67,67,7.5,0.436,1.1,0.29,0.469,0.8490000000000001,0.7,3.1,6.2,1.1,0.1,19.4,2.7,24,2.6,17.3,2078,5.6,36.2,12.7,1.5,1.0
74,77,BRK,15400000,DeMarre Carroll,SF,73,73,4.5,0.414,2.0,0.371,0.506,0.764,1.4,6.6,2.0,0.8,0.4,13.5,1.4,31,4.1,14.3,2180,11.7,10.5,10.3,2.3,1.8
75,78,MIN,15170787,Gorgui Dieng,C,79,0,2.4,0.479,0.2,0.311,0.504,0.775,1.3,4.6,0.9,0.6,0.5,5.9,0.7,28,2.9,14.7,1333,15.6,7.5,12.0,1.6,1.3
76,79,PHO,15000000,Trevor Ariza,SF,67,67,4.0,0.41200000000000003,2.5,0.368,0.542,0.8540000000000001,0.5,4.4,1.6,1.5,0.2,11.7,0.8,32,5.3,11.8,2269,7.3,6.8,7.0,2.6,2.8
77,80,MIL,15000000,Eric Bledsoe,PG,74,74,6.3,0.473,1.7,0.34700000000000003,0.536,0.792,0.7,3.8,5.0,2.0,0.6,17.7,2.9,28,5.6,19.7,2322,7.1,25.7,16.1,3.1,2.5
78,81,UTA,14975000,Ricky Rubio,PG,77,77,4.5,0.418,1.2,0.35200000000000004,0.47600000000000003,0.866,0.6,4.6,5.3,1.6,0.1,13.1,2.7,27,5.3,15.4,2254,8.8,28.4,18.1,1.5,3.8
79,82,LAC,14800000,Tobias Harris,PF,80,80,7.0,0.46,2.3,0.41100000000000003,0.535,0.8290000000000001,0.7,5.5,2.4,0.9,0.4,18.6,1.3,25,6.7,17.1,2668,9.0,11.8,7.4,4.2,2.5
80,83,CLE,14720000,J.R. Smith,SG,80,61,3.0,0.40299999999999997,1.8,0.375,0.524,0.696,0.4,2.9,1.8,0.9,0.1,8.3,1.0,32,1.4,8.5,2244,5.9,8.6,11.6,0.6,0.9
81,84,MIA,14651700,James Johnson,PF,73,41,4.2,0.503,0.8,0.308,0.55,0.698,0.8,4.9,3.8,1.0,0.7,10.8,1.9,30,4.9,15.8,1943,10.3,22.5,17.2,2.2,2.8
82,86,CHI,14357750,Robin Lopez,C,64,64,5.3,0.53,0.1,0.28600000000000003,0.5329999999999999,0.7559999999999999,2.1,4.5,1.9,0.2,0.8,11.8,1.7,29,1.9,14.7,1690,9.2,12.3,13.5,1.2,0.7
83,87,CHO,14087500,Marvin Williams,PF,78,78,3.3,0.45799999999999996,1.6,0.413,0.57,0.8290000000000001,0.9,4.7,1.2,0.7,0.5,9.5,0.8,31,5.0,13.9,2006,10.0,7.0,9.7,3.1,1.9
84,88,MIN,14000000,Taj Gibson,PF,82,82,5.2,0.5770000000000001,0.1,0.2,0.581,0.768,2.4,7.1,1.2,0.8,0.7,12.2,1.1,32,7.2,15.4,2726,12.4,5.2,9.8,5.4,1.7
85,89,IND,13764045,Thaddeus Young,PF,81,81,5.2,0.48700000000000004,0.7,0.32,0.521,0.598,2.3,6.3,1.9,1.7,0.4,11.8,1.3,29,5.5,14.8,2607,11.1,8.5,10.4,2.3,3.2
86,90,BRK,13764045,Kenneth Faried,PF,32,7,2.4,0.514,0.0,0.0,0.514,0.706,2.1,4.8,0.6,0.4,0.4,5.9,0.7,28,1.3,17.4,461,18.7,5.8,11.9,0.9,0.4
87,91,PHO,13585000,Tyson Chandler,C,46,46,2.6,0.647,0.0,,0.647,0.617,2.9,9.1,1.2,0.3,0.6,6.5,1.3,35,2.7,14.2,1151,19.4,6.6,20.5,1.9,0.8
88,92,LAC,13565218,Marcin Gortat,C,82,82,3.5,0.518,0.0,,0.518,0.675,2.2,7.6,1.8,0.5,0.7,8.4,1.2,33,4.9,14.7,2075,17.0,10.6,13.5,2.4,2.4
89,93,CHO,13528090,Cody Zeller,C,33,0,2.6,0.545,0.1,0.667,0.551,0.718,2.0,5.4,0.9,0.4,0.6,7.1,1.0,25,1.9,15.9,627,15.3,7.4,14.6,1.2,0.7
90,94,HOU,13500375,Eric Gordon,SG,69,30,6.0,0.428,3.2,0.359,0.54,0.809,0.4,2.5,2.2,0.6,0.4,18.0,1.9,29,4.7,15.2,2154,4.4,11.7,10.8,2.9,1.8
91,95,UTA,13045455,Joe Ingles,SF,82,81,4.1,0.467,2.5,0.44,0.609,0.795,0.3,4.2,4.8,1.1,0.2,11.5,1.9,30,7.6,14.4,2578,7.6,22.9,17.4,4.0,3.6
92,96,MIL,13000000,Khris Middleton,SF,82,82,7.2,0.466,1.8,0.359,0.524,0.884,0.5,5.2,4.0,1.5,0.3,20.1,2.3,26,6.9,17.4,2982,8.4,17.7,11.8,4.6,2.3
93,97,CHO,13000000,Michael Kidd-Gilchrist,SF,74,74,3.8,0.504,0.0,0.0,0.504,0.684,1.1,4.1,1.0,0.7,0.4,9.2,0.7,24,3.2,12.5,1850,8.8,5.9,7.8,1.6,1.6
94,98,DEN,12917808,Mason Plumlee,C,74,26,3.0,0.601,0.0,0.0,0.601,0.456,1.8,5.4,1.9,0.7,1.1,7.1,1.4,27,3.6,16.9,1439,15.6,14.4,18.7,1.8,1.8
95,99,PHI,12800562,Wilson Chandler,SF,74,71,3.8,0.445,1.2,0.358,0.515,0.772,1.4,5.4,2.2,0.6,0.5,10.0,1.2,30,3.3,11.0,2346,9.6,9.5,11.9,2.1,1.2
96,100,NOP,12752928,Solomon Hill,SF,12,1,0.9,0.268,0.3,0.19,0.317,0.5,0.8,3.0,1.8,0.6,0.1,2.4,0.8,26,-0.1,4.8,187,10.4,14.4,17.1,-0.2,0.2
97,101,ORL,12750000,Nikola Vucevic,C,57,57,7.0,0.475,1.1,0.314,0.513,0.8190000000000001,1.8,9.2,3.4,1.0,1.1,16.5,1.9,27,3.6,19.7,1683,17.1,19.9,11.0,1.3,2.3
98,102,WAS,12650000,Austin Rivers,SG,61,59,5.6,0.424,2.2,0.37799999999999995,0.508,0.642,0.4,2.4,4.0,1.2,0.3,15.1,1.8,25,2.4,12.6,2057,3.9,17.5,11.1,1.4,1.0
99,103,ATL,12516746,Jeremy Lin,PG,1,1,5.0,0.41700000000000004,1.0,0.5,0.45799999999999996,1.0,0.0,0.0,4.0,0.0,0.0,18.0,3.0,29,0.0,15.9,25,0.0,27.1,16.6,0.0,0.0
100,104,CLE,12500000,Jordan Clarkson,SG,81,2,5.3,0.451,1.4,0.35200000000000004,0.509,0.8,0.7,2.7,2.7,0.7,0.1,13.9,1.6,25,3.0,16.4,1888,6.2,19.3,10.9,1.9,1.2
101,105,ATL,12500000,Miles Plumlee,C,55,35,1.9,0.583,0.0,,0.583,0.45,1.4,4.1,0.8,0.3,0.5,4.3,1.1,29,0.9,10.6,918,13.9,7.2,23.4,0.1,0.7
102,106,PHI,12500000,J.J. Redick,SG,70,70,5.8,0.46,2.8,0.42,0.569,0.904,0.1,2.5,3.0,0.5,0.1,17.1,1.5,33,6.6,15.9,2116,4.5,15.1,9.6,4.8,1.8
103,107,NOP,12500000,Nikola Mirotic,PF,55,14,5.6,0.447,2.5,0.377,0.546,0.818,1.1,7.4,1.5,0.8,0.7,15.6,1.1,26,4.0,18.7,1494,14.6,8.6,7.7,2.2,1.8
104,108,NYK,12253780,Courtney Lee,SG,76,69,4.5,0.45399999999999996,1.5,0.406,0.529,0.919,0.4,2.9,2.4,1.1,0.2,12.0,1.1,32,3.9,13.0,2310,5.4,11.3,9.4,2.7,1.2
105,112,LAC,12000000,Avery Bradley,SG,46,46,5.6,0.414,1.6,0.369,0.474,0.768,0.5,2.5,2.0,1.1,0.2,14.3,2.2,27,-0.2,9.6,1433,4.5,10.4,13.3,-1.4,1.2
106,114,CHO,12000000,Kemba Walker,PG,80,80,7.4,0.431,2.9,0.384,0.516,0.8640000000000001,0.4,3.1,5.6,1.1,0.3,22.1,2.2,27,8.5,20.6,2736,4.9,27.4,10.4,6.5,2.0
107,113,IND,12000000,Tyreke Evans,PG,52,32,7.0,0.452,2.2,0.39899999999999997,0.523,0.785,0.8,5.1,5.2,1.1,0.3,19.4,2.3,28,4.2,21.1,1607,9.5,31.2,11.5,3.1,1.2
108,110,DEN,12000000,Will Barton,SG,81,40,5.7,0.452,1.9,0.37,0.528,0.805,0.9,5.0,4.1,1.0,0.6,15.7,1.8,27,6.2,16.2,2683,8.6,18.5,11.7,4.4,1.8
109,111,LAL,12000000,Kentavious Caldwell-Pope,SG,74,74,4.6,0.426,2.1,0.38299999999999995,0.526,0.789,0.8,5.2,2.2,1.4,0.2,13.4,1.3,24,5.3,13.2,2458,8.4,9.4,9.9,2.6,2.7
110,109,POR,12000000,Jusuf Nurkic,C,79,79,6.1,0.505,0.0,0.0,0.505,0.63,2.4,9.0,1.8,0.8,1.4,14.3,2.3,23,4.7,19.2,2088,18.5,11.7,14.6,0.8,3.9
111,115,PHO,11750000,T.J. Warren,SF,65,65,8.1,0.498,0.3,0.222,0.507,0.757,1.9,5.1,1.3,1.0,0.6,19.6,1.3,24,3.4,17.6,2142,8.3,7.2,6.7,2.6,0.8
112,116,SAC,11692308,Zach Randolph,PF,59,57,6.1,0.473,0.9,0.34700000000000003,0.507,0.785,1.6,6.7,2.2,0.7,0.2,14.5,2.0,36,1.5,17.3,1508,15.0,14.9,12.5,0.3,1.2
113,117,BOS,11660716,Marcus Smart,SG,54,11,3.5,0.36700000000000005,1.4,0.301,0.44,0.7290000000000001,0.8,3.5,4.8,1.3,0.4,10.2,2.4,23,1.9,10.8,1614,6.4,23.7,18.4,-0.6,2.5
114,118,SAS,11571429,Patty Mills,PG,82,36,3.4,0.41100000000000003,1.9,0.37200000000000005,0.523,0.89,0.3,1.9,2.8,0.7,0.1,10.0,1.3,29,4.1,11.8,2107,4.1,16.0,12.6,2.0,2.1
115,119,MIA,11550000,Dion Waiters,SG,30,30,5.4,0.39799999999999996,1.7,0.306,0.461,0.7390000000000001,0.3,2.6,3.8,0.8,0.3,14.3,2.3,26,0.1,10.5,918,4.7,19.8,13.7,-0.7,0.8
116,120,UTA,11536515,Alec Burks,SG,64,1,2.7,0.41100000000000003,0.7,0.331,0.467,0.863,0.3,3.0,1.0,0.6,0.1,7.7,0.9,26,1.9,13.1,1059,10.3,10.0,11.4,0.2,1.6
117,121,CHI,11286516,Omer Asik,C,18,0,0.5,0.409,0.0,,0.409,0.308,0.5,2.6,0.2,0.1,0.2,1.2,0.5,31,-0.1,3.1,182,14.0,2.1,24.5,-0.2,0.2
118,122,MIA,11137527,Kelly Olynyk,PF,76,22,4.2,0.49700000000000005,1.4,0.379,0.58,0.77,1.2,5.7,2.7,0.8,0.5,11.5,1.9,26,5.5,17.8,1779,13.6,18.7,17.1,2.8,2.7
119,123,SAC,11011234,Iman Shumpert,SG,14,6,1.6,0.379,0.5,0.26899999999999996,0.44,0.733,0.5,2.9,1.2,0.6,0.3,4.4,1.1,27,0.0,6.4,276,8.3,8.1,19.9,-0.2,0.2
120,124,POR,10837079,Maurice Harkless,SF,59,36,2.5,0.495,0.8,0.415,0.5770000000000001,0.7120000000000001,0.8,2.7,0.9,0.8,0.7,6.5,0.7,24,3.2,12.6,1264,7.0,6.0,11.0,1.6,1.7
121,125,MIL,10607143,Tony Snell,SG,75,59,2.5,0.435,1.4,0.40299999999999997,0.562,0.792,0.1,1.9,1.3,0.6,0.4,6.9,0.5,26,2.4,8.5,2053,4.0,6.5,7.5,1.6,0.7
122,126,POR,10595506,Meyers Leonard,C,33,2,1.4,0.59,0.3,0.423,0.66,0.818,0.4,2.1,0.5,0.2,0.0,3.4,0.3,25,1.1,17.8,254,15.0,10.6,10.8,0.7,0.3
123,127,MIL,10577466,John Henson,C,76,69,3.8,0.5720000000000001,0.0,0.14300000000000002,0.573,0.57,2.0,6.8,1.5,0.6,1.4,8.8,1.1,27,4.9,15.7,1970,15.3,8.6,12.8,2.8,2.2
124,128,ORL,10500000,Terrence Ross,SG,24,20,3.2,0.39799999999999996,1.3,0.32299999999999995,0.47600000000000003,0.75,0.4,3.0,1.6,1.1,0.5,8.7,1.2,26,0.3,9.9,600,6.7,9.3,12.3,-0.2,0.5
125,129,IND,10500000,Bojan Bogdanovic,SF,80,80,5.1,0.474,1.9,0.402,0.565,0.868,0.4,3.4,1.5,0.7,0.1,14.3,1.3,28,5.4,13.9,2464,6.2,7.1,10.1,3.8,1.6
126,130,PHI,10464092,Robert Covington,SF,80,80,4.3,0.413,2.5,0.369,0.534,0.853,0.7,5.4,2.0,1.7,0.9,12.6,1.6,27,6.1,12.9,2532,9.2,8.7,12.3,1.6,4.5
127,131,SAS,10087200,Rudy Gay,PF,57,6,4.4,0.47100000000000003,0.6,0.314,0.506,0.772,1.3,5.1,1.3,0.8,0.7,11.5,1.4,31,3.1,18.0,1231,13.1,9.8,11.5,1.0,2.1
128,132,DET,10002681,Jon Leuer,PF,8,0,1.9,0.41700000000000004,0.0,0.0,0.41700000000000004,0.867,0.9,4.0,0.6,0.1,0.4,5.4,0.9,28,0.1,8.9,136,13.0,5.3,14.1,0.0,0.1
129,135,IND,10000000,Darren Collison,PG,69,64,4.6,0.495,1.4,0.46799999999999997,0.5710000000000001,0.882,0.5,2.6,5.3,1.3,0.2,12.4,1.2,30,7.6,18.8,2018,5.0,26.4,10.9,5.8,1.8
130,134,TOR,10000000,Danny Green,SG,70,60,3.1,0.387,1.7,0.363,0.49,0.769,0.6,3.6,1.6,0.9,1.1,8.6,1.1,30,2.9,11.4,1791,7.7,8.9,11.2,0.1,2.9
131,133,OKC,10000000,Andre Roberson,SG,39,39,2.2,0.537,0.2,0.222,0.562,0.316,1.9,4.7,1.2,1.2,0.9,5.0,0.8,26,2.2,10.9,1037,9.9,6.0,14.4,0.8,1.3
132,136,DAL,9631250,Dwight Powell,C,79,25,3.2,0.593,0.4,0.33299999999999996,0.626,0.7190000000000001,1.7,5.6,1.2,0.8,0.4,8.5,0.7,26,6.6,18.8,1672,14.7,8.5,10.3,4.6,2.1
133,137,MIL,9607500,Matthew Dellavedova,PG,38,3,1.4,0.36200000000000004,0.8,0.37200000000000005,0.457,0.9259999999999999,0.4,1.7,3.8,0.4,0.0,4.3,1.3,27,0.5,8.6,712,5.3,27.4,23.0,0.3,0.2
134,138,UTA,9600000,Dante Exum,PG,14,0,3.0,0.483,0.4,0.278,0.511,0.8059999999999999,0.3,1.9,3.1,0.6,0.2,8.1,1.4,22,0.7,16.7,235,6.3,29.7,16.6,0.3,0.3
135,139,BRK,9530000,Jared Dudley,PF,48,0,1.0,0.39299999999999996,0.6,0.363,0.512,0.7709999999999999,0.2,2.0,1.6,0.5,0.2,3.2,0.6,32,0.8,8.8,686,7.3,15.6,16.9,0.5,0.4
136,140,TOR,9367200,Norman Powell,SG,70,18,2.1,0.401,0.8,0.285,0.47200000000000003,0.821,0.2,1.7,1.3,0.5,0.2,5.5,0.9,24,0.6,8.5,1062,6.3,11.8,14.4,-0.6,1.2
137,141,MIA,9300000,Josh Richardson,SF,81,81,4.9,0.451,1.6,0.37799999999999995,0.523,0.845,0.9,3.5,2.9,1.5,0.9,12.9,1.7,24,5.4,13.6,2689,6.0,13.2,12.9,1.8,3.5
138,142,TOR,9000000,Fred VanVleet,PG,76,0,3.1,0.426,1.4,0.414,0.525,0.8320000000000001,0.3,2.4,3.2,0.9,0.3,8.6,1.0,23,4.7,15.9,1520,6.8,22.8,11.2,2.7,2.0
139,143,SAC,9000000,Bogdan Bogdanovic,SG,78,53,4.4,0.446,1.7,0.392,0.529,0.84,0.4,2.9,3.3,0.9,0.2,11.8,1.6,25,2.9,13.5,2175,5.8,18.3,13.2,1.8,1.1
140,144,LAL,9000000,Rajon Rondo,PG,65,63,3.6,0.46799999999999997,0.8,0.33299999999999996,0.518,0.5429999999999999,0.5,4.0,8.2,1.1,0.2,8.3,2.3,31,3.6,15.3,1705,8.4,42.2,22.7,1.9,1.7
141,145,NOP,8808685,E'Twaun Moore,SG,82,80,5.2,0.508,1.6,0.425,0.585,0.706,0.7,2.9,2.3,1.0,0.1,12.5,1.2,28,4.4,12.1,2586,5.0,10.1,10.6,2.8,1.6
142,146,SAC,8739500,Kosta Koufos,C,71,13,3.1,0.5710000000000001,0.0,,0.5710000000000001,0.446,2.1,6.6,1.2,0.7,0.5,6.7,0.7,28,3.9,17.5,1391,19.3,9.7,10.4,2.3,1.5
143,147,OKC,8653847,Jerami Grant,PF,81,1,3.0,0.535,0.4,0.29100000000000004,0.57,0.675,1.1,3.9,0.7,0.4,1.0,8.4,0.7,23,5.4,16.2,1647,10.7,5.1,8.8,3.5,1.9
144,149,NOP,8641000,Julius Randle,C,82,49,6.1,0.5579999999999999,0.1,0.222,0.563,0.718,2.2,8.0,2.6,0.5,0.5,16.1,2.6,23,6.6,19.9,2190,15.9,15.8,16.3,4.0,2.6
145,148,MEM,8641000,Kyle Anderson,SF,74,67,3.1,0.527,0.3,0.33299999999999996,0.5489999999999999,0.7120000000000001,1.1,5.4,2.7,1.6,0.8,7.9,1.3,24,6.2,15.9,1978,11.1,14.7,15.8,2.4,3.8
146,150,WAS,8600000,Markieff Morris,PF,73,73,4.5,0.48,1.0,0.36700000000000005,0.536,0.82,1.0,5.6,1.9,0.8,0.5,11.5,1.7,28,3.3,13.2,1968,11.8,11.0,14.6,1.2,2.1
147,151,PHI,8575916,Jerryd Bayless,SG,39,11,2.8,0.41600000000000004,1.4,0.37,0.519,0.795,0.4,2.1,1.4,0.6,0.2,7.9,1.2,29,1.1,7.5,925,4.7,8.0,14.1,0.2,0.9
148,152,CHI,8470980,Cristiano Felicio,C,55,16,2.3,0.591,0.0,0.0,0.591,0.667,1.5,4.2,1.0,0.3,0.2,5.6,1.0,25,1.7,12.5,977,12.8,8.4,17.7,1.2,0.5
149,153,PHI,8339880,Markelle Fultz,SG,14,0,3.2,0.405,0.0,0.0,0.405,0.47600000000000003,0.8,3.1,3.8,0.9,0.3,7.1,1.2,19,0.2,12.4,253,9.2,31.3,12.4,-0.2,0.4
150,154,TOR,8333333,C.J. Miles,SF,70,3,3.2,0.379,2.3,0.361,0.516,0.835,0.3,2.2,0.8,0.5,0.3,10.0,0.6,30,2.9,13.0,1337,6.4,6.0,5.7,1.4,1.5
151,155,GSW,8307692,Shaun Livingston,PG,71,7,2.4,0.501,0.0,0.0,0.501,0.82,0.5,1.8,2.0,0.5,0.3,5.5,0.8,32,1.8,11.6,1129,6.5,16.8,13.6,0.9,0.9
152,158,BRK,8000000,Joe Harris,SG,78,14,3.9,0.491,1.9,0.419,0.612,0.8270000000000001,0.7,3.3,1.6,0.4,0.3,10.8,1.2,26,4.0,13.3,1975,7.0,10.2,12.0,3.0,0.9
153,159,MEM,8000000,Garrett Temple,SG,65,35,3.1,0.418,1.4,0.392,0.512,0.769,0.3,2.3,1.9,0.9,0.4,8.4,1.2,31,1.2,10.2,1615,5.4,11.3,13.4,0.3,0.9
154,157,LAC,8000000,Lou Williams,SG,79,19,7.4,0.435,2.4,0.359,0.505,0.88,0.5,2.5,5.3,1.1,0.2,22.6,3.0,31,6.7,20.2,2589,4.2,26.3,13.1,5.5,1.2
155,160,HOU,7969537,P.J. Tucker,PF,82,34,2.1,0.39,1.4,0.371,0.52,0.7170000000000001,1.1,5.6,0.9,1.0,0.3,6.1,0.9,32,3.9,8.3,2281,11.3,4.6,13.7,1.0,3.0
156,161,IND,7945000,Cory Joseph,PG,82,17,3.1,0.424,0.8,0.353,0.479,0.745,0.5,3.2,3.2,1.0,0.2,7.9,1.1,26,3.1,11.0,2210,6.7,16.1,11.9,1.2,2.0
157,162,MEM,7866667,JaMychal Green,PF,55,54,4.1,0.457,0.8,0.33899999999999997,0.501,0.721,2.7,8.4,1.4,0.6,0.5,10.3,1.4,27,2.6,14.0,1542,17.4,8.3,12.4,1.3,1.3
158,163,MIN,7839435,Karl-Anthony Towns,C,82,82,7.8,0.545,1.5,0.42100000000000004,0.596,0.858,2.9,12.3,2.4,0.8,1.4,21.3,1.9,22,14.0,24.9,2918,20.0,10.8,10.5,10.6,3.4
159,164,CLE,7560000,Kyle Korver,SG,73,4,3.0,0.45899999999999996,2.2,0.436,0.628,0.889,0.1,2.3,1.2,0.4,0.4,9.2,0.8,36,3.4,13.4,1574,5.9,8.0,9.6,2.8,0.6
160,165,CHO,7488372,Jeremy Lamb,SG,80,18,4.8,0.457,1.2,0.37,0.513,0.861,0.6,4.1,2.3,0.8,0.4,12.9,1.2,25,4.9,17.0,1967,8.9,15.4,9.1,3.0,1.9
161,166,PHO,7464912,Darrell Arthur,PF,19,1,1.2,0.46799999999999997,0.4,0.348,0.5529999999999999,0.667,0.2,0.8,0.5,0.4,0.2,2.8,0.8,29,0.0,8.4,141,6.0,9.3,23.7,-0.2,0.1
162,167,LAL,7461960,Lonzo Ball,PG,52,50,3.9,0.36,1.7,0.305,0.44,0.451,1.3,6.9,7.2,1.7,0.8,10.2,2.6,20,2.0,12.5,1780,10.8,29.2,18.6,-0.5,2.5
163,168,IND,7333333,Doug McDermott,SF,81,4,2.9,0.467,1.1,0.426,0.557,0.79,0.5,2.5,1.0,0.2,0.2,7.8,0.7,26,2.3,10.4,1768,6.3,6.5,9.3,1.7,0.6
164,169,UTA,7305825,Jae Crowder,SF,80,47,3.4,0.40399999999999997,1.4,0.32299999999999995,0.486,0.818,0.7,3.4,1.2,0.8,0.3,9.7,0.9,27,2.6,10.4,2090,7.4,6.9,9.1,1.0,1.6
165,171,ORL,7250000,D.J. Augustin,PG,75,36,3.3,0.452,1.5,0.419,0.557,0.868,0.4,2.1,3.8,0.7,0.0,10.2,1.6,30,4.1,15.4,1760,5.0,24.4,16.5,3.3,0.8
166,172,NYK,7119650,Lance Thomas,PF,73,31,1.4,0.382,0.7,0.40299999999999997,0.47600000000000003,0.83,0.6,2.4,0.6,0.4,0.2,4.1,0.5,29,0.9,6.3,1353,7.2,4.2,12.1,0.3,0.6
167,173,BRK,7019698,D'Angelo Russell,PG,48,35,5.8,0.414,1.9,0.324,0.48100000000000004,0.74,0.6,3.9,5.2,0.8,0.4,15.5,3.1,21,0.4,15.2,1234,8.1,35.7,16.8,-0.5,0.9
168,174,DET,7000000,Langston Galloway,SG,58,2,2.2,0.371,1.3,0.344,0.48100000000000004,0.805,0.2,1.6,1.0,0.6,0.1,6.2,0.3,26,1.4,12.2,863,5.9,10.1,4.8,0.5,0.9
169,175,SAS,7000000,Davis Bertans,PF,77,10,2.1,0.44,1.2,0.373,0.568,0.816,0.2,2.0,1.0,0.3,0.4,5.9,0.5,25,3.1,14.1,1086,7.8,10.3,8.5,1.6,1.4
170,176,MIL,7000000,Ersan Ilyasova,PF,69,43,4.0,0.452,1.3,0.36,0.526,0.778,1.7,5.9,1.3,0.9,0.4,10.9,1.0,30,4.0,14.9,1729,12.9,7.9,9.7,2.2,1.9
171,177,LAC,7000000,Boban Marjanovic,C,39,1,2.0,0.534,0.0,,0.534,0.794,1.2,3.7,0.6,0.3,0.3,6.0,0.9,29,1.5,26.0,337,23.5,11.2,15.9,1.0,0.5
172,178,POR,6957105,Al-Farouq Aminu,PF,69,67,3.3,0.395,1.8,0.369,0.503,0.738,1.4,7.6,1.2,1.1,0.6,9.3,1.1,27,4.2,12.0,2072,13.8,5.8,11.3,0.9,3.2
173,179,BOS,6700800,Jayson Tatum,SF,80,80,5.0,0.475,1.3,0.434,0.5379999999999999,0.826,0.6,5.0,1.6,1.0,0.7,13.9,1.4,19,7.1,15.3,2438,9.0,8.3,10.7,3.0,4.0
174,181,NYK,6500000,Mario Hezonja,SF,75,30,3.6,0.442,1.2,0.337,0.515,0.8190000000000001,0.5,3.7,1.4,1.1,0.4,9.6,1.1,22,2.3,13.7,1657,9.3,10.0,11.5,0.5,1.8
175,182,PHI,6434520,Ben Simmons,PG,81,81,6.7,0.545,0.0,0.0,0.545,0.56,1.8,8.1,8.2,1.7,0.9,15.8,3.4,21,9.2,20.0,2732,13.0,37.4,19.5,4.2,5.0
176,183,LAC,6300000,Milos Teodosic,PG,45,36,3.4,0.419,2.0,0.379,0.542,0.848,0.4,2.8,4.6,0.5,0.1,9.5,2.2,30,1.4,11.6,1134,6.1,26.2,20.3,0.9,0.5
177,184,ATL,6300000,Dewayne Dedmon,C,62,46,4.0,0.524,0.8,0.355,0.5770000000000001,0.779,1.6,7.9,1.5,0.6,0.8,10.0,1.4,28,3.7,15.8,1542,17.7,9.2,14.3,1.8,1.9
178,185,MIA,6270000,Wayne Ellington,SG,77,2,3.7,0.40700000000000003,2.9,0.392,0.569,0.8590000000000001,0.3,2.8,1.0,0.7,0.1,11.2,0.7,30,4.5,12.5,2041,6.0,5.9,6.6,2.6,1.9
179,186,SAS,6153846,Marco Belinelli,SG,80,2,4.2,0.442,1.9,0.377,0.539,0.9079999999999999,0.2,1.9,1.9,0.8,0.2,12.1,1.2,31,3.7,14.1,1947,4.2,11.9,10.1,2.4,1.3
180,187,LAC,6134520,Wesley Johnson,SF,74,40,2.0,0.408,0.8,0.33899999999999997,0.489,0.741,0.4,2.9,0.8,1.0,0.8,5.4,0.7,30,1.7,9.8,1486,8.0,5.6,12.3,-0.1,1.7
181,188,PHO,6041520,Josh Jackson,SF,77,35,5.1,0.41700000000000004,0.7,0.263,0.44799999999999995,0.634,1.2,4.6,1.5,1.0,0.5,13.1,1.9,20,-0.7,11.8,1959,9.6,10.1,12.2,-2.0,1.2
182,189,ORL,6000000,Jonathon Simmons,SG,69,50,5.1,0.465,1.0,0.33799999999999997,0.511,0.768,0.9,3.5,2.5,0.8,0.2,13.9,2.1,28,1.9,12.7,2029,6.5,13.3,14.4,0.8,1.1
183,190,DET,6000000,Ish Smith,PG,82,35,4.7,0.486,0.4,0.34700000000000003,0.507,0.698,0.3,2.7,4.4,0.8,0.2,10.9,1.3,29,4.4,15.4,2043,6.1,28.4,11.2,2.4,2.0
184,192,LAL,5757120,Brandon Ingram,SF,59,59,6.1,0.47,0.7,0.39,0.49700000000000005,0.6809999999999999,1.0,5.3,3.9,0.8,0.7,16.1,2.5,20,2.8,13.8,1975,8.5,17.7,14.4,1.0,1.8
185,193,MIN,5750000,Anthony Tolliver,PF,79,14,2.8,0.46399999999999997,2.0,0.436,0.632,0.797,0.6,3.1,1.1,0.4,0.3,8.9,0.7,32,5.3,13.9,1757,7.6,7.5,9.9,3.8,1.5
186,194,NYK,5697054,Kristaps Porzingis,PF,48,48,8.1,0.439,1.9,0.395,0.489,0.7929999999999999,1.3,6.6,1.2,0.8,2.4,22.7,1.9,22,3.2,20.4,1553,11.3,6.2,8.4,1.4,1.8
187,196,SAC,5460000,Ben McLemore,SG,56,17,2.8,0.42100000000000004,1.0,0.34600000000000003,0.495,0.828,0.6,2.5,0.9,0.7,0.3,7.5,1.1,24,0.5,9.7,1091,7.4,7.5,13.2,-0.2,0.7
188,197,OKC,5455236,Alex Abrines,SG,75,8,1.5,0.395,1.1,0.38,0.54,0.848,0.3,1.5,0.4,0.5,0.1,4.7,0.3,24,2.2,9.0,1134,5.6,3.4,7.4,1.3,1.0
189,198,OKC,5451600,Patrick Patterson,PF,82,3,1.3,0.39799999999999996,0.8,0.386,0.523,0.87,0.4,2.4,0.7,0.6,0.3,3.9,0.4,28,2.6,10.0,1270,8.4,6.1,10.3,1.2,1.4
190,199,WAS,5450000,Jason Smith,C,33,2,1.4,0.391,0.1,0.125,0.409,0.905,0.5,1.6,0.4,0.1,0.4,3.4,0.5,31,0.0,8.8,285,10.5,7.4,11.4,-0.2,0.3
191,200,SAC,5407920,De'Aaron Fox,PG,73,60,4.5,0.41200000000000003,0.6,0.307,0.441,0.723,0.5,2.8,4.4,1.0,0.3,11.6,2.4,20,-0.6,11.2,2026,5.7,24.6,16.4,-1.7,1.1
192,201,BOS,5375000,Marcus Morris,PF,54,21,4.9,0.429,1.6,0.368,0.499,0.805,0.8,5.4,1.3,0.6,0.2,13.6,1.2,28,3.2,14.5,1447,10.9,8.1,8.7,1.1,2.2
193,204,GSW,5337000,DeMarcus Cousins,C,48,48,8.5,0.47,2.2,0.354,0.53,0.746,2.2,12.9,5.4,1.6,1.6,25.2,5.0,27,4.7,22.6,1737,19.2,23.0,18.9,1.5,3.2
194,205,DET,5331729,Josh Smith,PF,3,0,0.3,0.25,0.0,,0.25,,1.0,1.3,0.0,0.0,0.0,0.7,0.0,32,0.0,3.5,12,18.1,0.0,0.0,0.0,0.0
195,207,UTA,5250000,Thabo Sefolosha,SF,38,6,3.1,0.49200000000000005,0.8,0.381,0.5579999999999999,0.815,0.8,4.2,0.9,1.4,0.3,8.2,0.8,33,2.6,15.8,806,11.3,6.3,10.2,1.0,1.6
196,208,BOS,5193600,Aron Baynes,C,81,67,2.6,0.47100000000000003,0.0,0.14300000000000002,0.474,0.7559999999999999,1.6,5.4,1.1,0.3,0.6,6.0,1.0,31,3.0,12.1,1485,16.0,9.6,14.3,0.5,2.5
197,209,BOS,5169960,Jaylen Brown,SG,70,70,5.3,0.465,1.7,0.395,0.54,0.644,0.9,4.9,1.6,1.0,0.4,14.5,1.8,21,4.5,13.6,2152,8.8,8.5,12.0,1.2,3.2
198,210,LAC,5027028,Patrick Beverley,SG,11,11,4.4,0.40299999999999997,2.2,0.4,0.504,0.8240000000000001,1.5,4.1,2.9,1.6,0.5,12.2,2.3,29,0.4,12.3,334,7.4,13.8,16.5,0.1,0.3
199,212,DAL,5000000,Dirk Nowitzki,C,77,77,4.5,0.456,1.8,0.409,0.547,0.898,0.3,5.7,1.6,0.6,0.6,12.0,0.7,39,4.8,16.7,1900,12.8,10.4,6.0,2.6,2.2
200,213,ATL,5000000,Mike Muscala,C,53,7,2.7,0.45799999999999996,1.2,0.371,0.5579999999999999,0.919,1.1,4.3,1.0,0.6,0.5,7.6,0.8,26,2.4,14.4,1060,12.1,7.3,11.0,1.5,0.9
201,211,CHO,5000000,Tony Parker,PG,55,21,3.2,0.45899999999999996,0.2,0.27,0.47200000000000003,0.705,0.1,1.7,3.5,0.5,0.0,7.7,1.2,35,1.4,12.7,1071,4.9,28.2,13.9,0.4,1.1
202,214,OKC,4996000,Kyle Singler,SF,12,0,0.6,0.33299999999999996,0.2,0.4,0.381,0.5379999999999999,0.1,0.8,0.2,0.1,0.0,1.9,0.3,29,0.0,5.9,59,9.4,4.8,10.1,-0.1,0.0
203,215,ORL,4969080,Jonathan Isaac,PF,27,10,2.0,0.379,0.6,0.348,0.434,0.76,0.6,3.7,0.7,1.2,1.1,5.4,1.0,20,0.2,9.8,536,10.2,4.8,14.8,-0.6,0.8
204,217,SAC,4696875,Willie Cauley-Stein,C,73,58,5.3,0.502,0.0,0.25,0.504,0.619,1.8,7.0,2.4,1.1,0.9,12.8,1.5,24,3.9,17.6,2044,14.2,13.7,11.0,1.7,2.2
205,218,PHO,4661280,Dragan Bender,PF,82,37,2.3,0.386,1.4,0.366,0.508,0.765,0.5,4.4,1.6,0.3,0.6,6.5,1.4,20,0.1,7.1,2069,9.3,8.9,18.1,-0.7,0.8
206,219,NYK,4544400,Ron Baker,SG,29,1,0.7,0.33899999999999997,0.4,0.33299999999999996,0.43200000000000005,0.769,0.2,1.0,1.6,0.9,0.2,2.4,0.6,24,0.5,9.3,385,4.3,15.5,20.4,0.1,0.4
207,220,CHI,4536120,Lauri Markkanen,PF,68,68,5.5,0.434,2.1,0.36200000000000004,0.518,0.843,1.2,7.5,1.2,0.6,0.6,15.2,1.2,20,3.3,15.6,2020,13.5,6.4,8.2,1.7,1.6
208,221,LAL,4449000,Lance Stephenson,SG,82,7,3.7,0.42700000000000005,0.8,0.289,0.475,0.6609999999999999,0.8,5.2,2.9,0.6,0.2,9.2,1.6,27,1.8,12.4,1850,12.9,18.6,14.7,-0.3,2.0
209,222,IND,4449000,Kyle O'Quinn,C,77,10,2.9,0.5820000000000001,0.1,0.235,0.5870000000000001,0.772,1.6,6.1,2.1,0.5,1.3,7.1,1.3,27,4.8,20.0,1387,18.8,16.8,18.5,2.7,2.1
210,224,BRK,4400000,Ed Davis,C,78,0,2.2,0.5820000000000001,0.0,0.0,0.5820000000000001,0.667,2.3,7.4,0.5,0.4,0.7,5.3,0.8,28,5.0,15.5,1471,21.3,3.9,16.2,2.5,2.5
211,225,CHI,4384616,Justin Holiday,SG,72,72,4.0,0.371,2.2,0.359,0.474,0.823,0.4,4.0,2.1,1.1,0.4,12.2,1.3,28,1.7,10.8,2265,6.9,10.1,9.8,0.1,1.6
212,227,LAC,4320500,Mike Scott,PF,76,1,3.6,0.527,0.9,0.405,0.59,0.6579999999999999,0.7,3.3,1.1,0.3,0.1,8.8,1.0,29,2.5,13.7,1406,9.9,9.1,12.4,1.4,1.0
213,226,LAC,4320500,Luc Mbah a Moute,PF,61,15,2.7,0.48100000000000004,1.0,0.364,0.5720000000000001,0.684,0.4,3.0,0.9,1.2,0.4,7.5,1.1,31,2.8,10.2,1564,6.7,5.0,15.1,0.7,2.1
214,228,NYK,4294480,Emmanuel Mudiay,PG,64,14,3.2,0.38799999999999996,0.7,0.318,0.433,0.76,0.4,2.4,3.2,0.6,0.2,8.6,1.8,21,0.0,11.5,1245,6.8,24.5,16.2,-0.7,0.7
215,229,CHI,4221000,Kris Dunn,PG,52,43,5.5,0.429,0.8,0.321,0.462,0.73,0.5,4.3,6.0,2.0,0.5,13.4,2.9,23,0.8,14.5,1525,7.8,33.3,17.3,-1.0,1.9
216,230,NYK,4155720,Frank Ntilikina,PG,78,9,2.3,0.364,0.6,0.318,0.414,0.721,0.5,2.3,3.2,0.8,0.2,5.9,1.7,19,-0.9,7.0,1706,5.8,20.0,19.8,-2.0,1.1
217,231,DET,4150000,Glenn Robinson,SF,23,1,1.6,0.424,0.6,0.41200000000000003,0.506,0.818,0.5,1.6,0.7,0.6,0.0,4.1,0.2,24,0.6,10.8,338,6.2,6.8,5.3,0.4,0.3
218,233,IND,4000000,Al Jefferson,C,36,1,3.1,0.534,0.0,0.0,0.534,0.833,0.8,4.0,0.8,0.4,0.6,7.0,0.6,33,1.6,20.2,484,16.7,10.0,8.6,0.8,0.8
219,234,DET,3940402,Stanley Johnson,SF,69,50,3.0,0.375,1.0,0.28600000000000003,0.435,0.772,0.5,3.7,1.6,1.4,0.2,8.7,1.1,21,1.8,9.0,1894,7.3,8.5,11.0,-0.6,2.4
220,235,SAC,3833760,Buddy Hield,SG,80,12,5.2,0.446,2.2,0.431,0.54,0.877,0.7,3.8,1.9,1.1,0.3,13.5,1.6,24,2.8,16.1,2024,8.6,12.8,11.3,1.3,1.5
221,236,DAL,3819960,Dennis Smith,PG,69,69,5.9,0.395,1.5,0.313,0.447,0.6940000000000001,0.7,3.8,5.2,1.0,0.3,15.2,2.8,20,-0.7,12.8,2049,7.0,29.5,15.0,-2.4,1.7
222,238,DAL,3710850,J.J. Barea,PG,69,10,4.4,0.439,1.7,0.36700000000000005,0.522,0.784,0.2,2.9,6.3,0.5,0.0,11.6,2.1,33,3.3,17.8,1603,7.0,45.1,16.3,2.3,1.0
223,239,HOU,3651480,Nene Hilario,C,52,4,2.6,0.569,0.0,0.0,0.569,0.636,1.0,3.4,0.9,0.5,0.3,6.5,0.7,35,2.6,16.4,758,13.1,9.5,11.7,1.5,1.1
224,240,POR,3628920,Zach Collins,C,66,1,1.7,0.39799999999999996,0.5,0.31,0.45799999999999996,0.643,0.7,3.3,0.8,0.3,0.5,4.4,0.9,20,0.6,7.5,1045,11.5,7.1,15.9,-0.7,1.3
225,241,CHO,3627842,Frank Kaminsky,PF,79,4,3.9,0.429,1.3,0.38,0.501,0.799,0.6,3.6,1.6,0.5,0.2,11.1,0.8,24,3.6,14.4,1835,8.5,11.0,7.6,2.3,1.3
226,243,MIL,3500000,Mirza Teletovic,PF,10,0,2.5,0.439,2.1,0.467,0.623,,0.3,2.3,1.0,0.4,0.1,7.1,0.7,32,0.3,13.5,159,8.5,9.5,10.9,0.2,0.1
227,244,LAL,3500000,Michael Beasley,PF,74,30,5.5,0.507,0.5,0.395,0.528,0.78,1.3,5.6,1.7,0.5,0.6,13.2,1.9,29,2.4,17.8,1653,13.9,12.5,14.0,0.9,1.5
228,245,DEN,3499800,Jamal Murray,PG,81,80,5.9,0.451,2.0,0.37799999999999995,0.529,0.905,1.0,3.7,3.4,1.0,0.3,16.7,2.1,20,5.5,16.1,2565,6.5,16.4,12.8,4.3,1.2
229,246,WAS,3454500,Jodie Meeks,SG,77,0,2.0,0.39899999999999997,0.9,0.34299999999999997,0.491,0.863,0.2,1.6,0.9,0.4,0.1,6.3,0.5,30,2.0,12.4,1119,6.4,9.1,7.7,1.3,0.8
230,247,MIA,3448926,Justise Winslow,PF,68,25,3.0,0.424,0.7,0.38,0.474,0.635,0.9,5.4,2.2,0.8,0.5,7.8,1.1,21,2.6,11.5,1680,12.3,13.0,12.6,0.2,2.4
231,248,CHO,3447480,Malik Monk,SG,63,0,2.4,0.36,1.3,0.342,0.45799999999999996,0.8420000000000001,0.1,1.0,1.4,0.3,0.1,6.7,0.8,19,0.0,10.3,854,4.2,16.9,9.8,-0.5,0.5
232,249,IND,3410284,Myles Turner,C,65,62,4.7,0.479,0.9,0.35700000000000004,0.523,0.777,1.4,6.4,1.3,0.6,1.8,12.7,1.5,21,4.7,16.6,1836,12.8,7.0,11.6,2.2,2.5
233,250,MIL,3382000,Brook Lopez,C,74,72,5.0,0.465,1.5,0.345,0.536,0.703,1.0,4.0,1.7,0.4,1.3,13.0,1.3,29,3.8,16.4,1735,9.0,11.6,10.2,1.9,1.9
234,252,DEN,3364249,Trey Lyles,PF,73,2,3.7,0.491,1.1,0.381,0.5660000000000001,0.6970000000000001,0.8,4.8,1.2,0.4,0.5,9.9,0.8,22,3.9,17.9,1391,14.0,10.1,9.0,2.7,1.2
235,253,UTA,3360000,Ekpe Udoh,C,63,3,1.0,0.5,0.0,0.0,0.5,0.75,1.1,2.4,0.8,0.7,1.2,2.6,0.3,30,3.2,15.2,810,10.5,9.1,12.1,1.3,1.8
236,254,PHO,3314365,Devin Booker,SG,54,54,8.4,0.43200000000000005,2.7,0.38299999999999995,0.501,0.878,0.5,4.5,4.7,0.9,0.3,24.9,3.6,21,2.4,18.1,1865,7.0,24.4,13.9,1.9,0.6
237,255,DET,3275280,Luke Kennard,SG,73,9,2.8,0.44299999999999995,1.1,0.415,0.53,0.855,0.3,2.4,1.7,0.6,0.2,7.6,0.9,21,2.6,12.1,1463,6.6,12.7,12.2,1.1,1.4
238,256,CHI,3263295,Cameron Payne,PG,25,14,3.5,0.405,1.4,0.385,0.486,0.75,0.7,2.8,4.5,1.0,0.4,8.8,1.4,23,0.8,14.0,582,6.4,29.9,14.0,0.3,0.4
239,257,PHO,3258540,Troy Daniels,SG,79,15,2.9,0.40299999999999997,2.3,0.4,0.563,0.875,0.2,1.6,0.6,0.3,0.1,8.9,0.7,26,1.4,9.8,1622,4.2,4.5,8.5,1.4,0.0
240,258,WAS,3208630,Kelly Oubre,SF,81,11,3.9,0.40299999999999997,1.6,0.341,0.48200000000000004,0.82,0.7,4.5,1.2,1.0,0.4,11.8,1.1,22,3.7,11.9,2231,9.2,6.4,9.2,1.4,2.3
241,260,PHO,3206160,Marquese Chriss,PF,72,49,2.8,0.423,0.8,0.295,0.48200000000000004,0.608,1.1,5.5,1.2,0.7,1.0,7.7,1.5,20,0.7,11.1,1527,13.8,8.1,16.4,-0.8,1.5
242,261,WAS,3129187,Tomas Satoransky,SG,73,30,2.8,0.523,0.6,0.465,0.585,0.7809999999999999,1.0,3.2,3.9,0.7,0.2,7.2,1.1,26,5.0,15.4,1643,8.0,24.8,16.3,3.7,1.3
243,262,SAS,3125000,Bryn Forbes,SG,80,12,2.6,0.42100000000000004,1.1,0.39,0.51,0.667,0.2,1.4,1.0,0.4,0.0,6.9,0.5,24,2.1,9.1,1517,4.0,7.8,6.5,0.8,1.3
244,263,UTA,3111480,Donovan Mitchell,SG,79,71,7.5,0.43700000000000006,2.4,0.34,0.506,0.805,0.7,3.7,3.7,1.5,0.3,20.5,2.7,21,5.2,16.7,2638,6.4,19.4,12.6,1.4,3.8
245,264,BOS,3050390,Terry Rozier,PG,80,16,4.0,0.395,1.9,0.381,0.491,0.772,0.8,4.7,2.9,1.0,0.2,11.3,1.0,23,5.6,15.1,2068,9.9,17.5,8.5,2.2,3.4
246,266,MIA,2955840,Bam Adebayo,C,69,19,2.5,0.512,0.0,0.0,0.512,0.721,1.7,5.5,1.5,0.5,0.6,6.9,1.0,20,4.2,15.7,1368,15.6,11.0,13.6,2.3,1.9
247,267,SAS,2947320,Jakob Poeltl,C,82,0,3.1,0.659,0.0,0.5,0.66,0.594,2.0,4.8,0.7,0.5,1.2,6.9,1.0,22,5.6,17.5,1524,14.4,5.4,16.6,3.1,2.4
248,270,SAC,2807880,Justin Jackson,SF,68,41,2.7,0.442,0.8,0.308,0.51,0.722,0.4,2.8,1.1,0.4,0.2,6.7,0.6,22,1.0,9.2,1506,7.1,7.2,8.4,0.4,0.5
249,271,MIL,2799720,Thon Maker,C,74,12,1.8,0.41100000000000003,0.4,0.298,0.46,0.6990000000000001,1.0,3.0,0.6,0.5,0.7,4.8,0.6,20,1.5,10.2,1238,10.6,5.2,11.0,0.3,1.1
250,273,CLE,2775000,Cedi Osman,SF,61,12,1.5,0.484,0.5,0.368,0.57,0.565,0.3,2.0,0.7,0.4,0.0,3.9,0.5,22,0.9,11.0,672,10.0,8.7,13.4,0.5,0.4
251,274,LAC,2760095,Sam Dekker,PF,73,1,1.8,0.494,0.1,0.16699999999999998,0.514,0.6609999999999999,0.6,2.4,0.5,0.3,0.1,4.2,0.5,23,1.2,11.5,883,10.8,6.2,10.4,0.6,0.6
252,276,NOP,2700000,Elfrid Payton,PG,63,63,5.2,0.493,0.5,0.326,0.516,0.649,1.0,4.3,6.2,1.3,0.3,12.7,2.7,23,2.8,16.5,1808,8.2,34.9,18.5,1.4,1.4
253,277,MIN,2667600,Justin Patton,C,1,0,1.0,0.5,0.0,,0.5,,0.0,0.0,0.0,1.0,0.0,2.0,0.0,20,0.0,19.8,4,0.0,0.0,0.0,0.0,0.0
254,278,BOS,2667600,Guerschon Yabusele,PF,33,4,0.8,0.426,0.4,0.324,0.525,0.682,0.5,1.6,0.5,0.1,0.2,2.4,0.4,22,0.6,12.3,235,12.1,10.0,14.5,0.3,0.3
255,279,IND,2659800,Domantas Sabonis,C,74,19,4.6,0.514,0.2,0.35100000000000003,0.524,0.75,2.2,7.7,2.0,0.5,0.4,11.6,1.9,21,4.7,17.5,1810,17.8,12.7,15.3,2.5,2.2
256,280,ORL,2639314,Jerian Grant,PG,74,26,2.8,0.415,0.8,0.324,0.475,0.745,0.4,2.3,4.6,0.9,0.1,8.4,1.2,25,3.3,14.3,1686,5.5,30.1,13.2,2.3,1.0
257,282,TOR,2536898,Delon Wright,PG,69,4,2.9,0.465,0.8,0.366,0.53,0.8290000000000001,0.7,2.9,2.9,1.0,0.5,8.0,1.1,25,4.5,16.5,1433,7.7,19.6,13.9,2.5,2.1
258,283,MIL,2534280,D.J. Wilson,PF,22,0,0.4,0.563,0.1,0.4,0.625,0.5,0.1,0.5,0.1,0.1,0.0,1.0,0.2,21,0.1,10.3,71,8.3,6.1,19.2,0.0,0.1
259,284,PHI,2526840,Dario Saric,PF,78,73,5.2,0.45299999999999996,2.0,0.39299999999999996,0.541,0.86,2.0,6.7,2.6,0.7,0.3,14.6,1.9,23,6.6,15.8,2310,12.1,13.0,13.1,3.8,2.8
260,285,ATL,2526840,Taurean Waller-Prince,SF,82,82,5.1,0.426,2.1,0.385,0.516,0.8440000000000001,0.6,4.7,2.6,1.0,0.5,14.1,2.3,23,2.0,12.8,2464,8.8,13.9,15.3,0.0,2.0
261,286,PHI,2516048,Justin Anderson,SF,38,0,2.3,0.431,0.9,0.33,0.515,0.737,0.7,2.4,0.7,0.4,0.2,6.2,0.4,24,1.2,13.0,519,9.6,7.1,6.8,0.6,0.7
262,287,SAS,2500000,Manu Ginobili,SG,65,0,3.1,0.434,1.0,0.33299999999999996,0.503,0.84,0.3,2.2,2.5,0.7,0.2,8.9,1.6,40,2.2,12.9,1299,6.1,19.1,16.8,0.6,1.6
263,289,DET,2500000,Reggie Bullock,SF,62,52,4.3,0.489,2.0,0.445,0.603,0.7959999999999999,0.4,2.5,1.5,0.8,0.2,11.3,0.8,26,4.2,13.6,1732,4.9,8.4,7.6,2.8,1.4
264,288,SAS,2500000,Dante Cunningham,SF,73,25,2.2,0.451,0.8,0.345,0.53,0.596,1.1,4.1,0.7,0.5,0.4,5.7,0.5,30,2.4,10.0,1562,10.3,4.3,7.9,1.1,1.3
265,290,CHI,2494346,Bobby Portis,PF,73,4,5.2,0.47100000000000003,1.1,0.359,0.52,0.769,2.2,6.8,1.7,0.7,0.3,13.2,1.4,22,3.5,19.7,1643,16.2,13.2,10.5,2.0,1.5
266,291,BRK,2470357,Rondae Hollis-Jefferson,SF,68,59,5.0,0.47200000000000003,0.2,0.24100000000000002,0.48100000000000004,0.7879999999999999,1.5,6.8,2.5,1.0,0.7,13.9,1.8,23,4.1,16.9,1920,12.7,14.2,12.3,2.1,2.0
267,292,NOP,2445085,Emeka Okafor,C,26,19,1.8,0.505,0.0,,0.505,0.818,1.8,4.6,0.3,0.3,1.0,4.4,0.5,35,1.0,16.4,353,18.4,3.1,11.0,0.5,0.5
268,293,MIN,2444053,Tyus Jones,PG,82,11,1.8,0.457,0.5,0.349,0.526,0.877,0.2,1.6,2.8,1.2,0.1,5.1,0.7,21,3.6,14.1,1467,5.2,21.2,14.0,2.3,1.2
269,294,ORL,2416222,Jarell Martin,PF,73,36,3.0,0.446,0.5,0.34700000000000003,0.48,0.767,1.3,4.4,1.0,0.5,0.7,7.7,1.2,23,1.3,10.5,1661,11.1,7.0,13.6,0.1,1.2
270,295,IND,2407560,T.J. Leaf,PF,53,0,1.2,0.47100000000000003,0.3,0.429,0.537,0.625,0.5,1.5,0.2,0.1,0.1,2.9,0.2,20,0.8,10.7,459,10.1,2.8,6.5,0.5,0.3
271,301,HOU,2393887,Gerald Green,SG,41,2,4.1,0.40700000000000003,2.7,0.369,0.54,0.85,0.4,3.2,0.6,0.6,0.4,12.1,0.8,32,2.1,14.1,929,8.1,4.3,6.6,1.0,1.0
272,304,CLE,2393887,Channing Frye,C,53,1,2.0,0.491,0.7,0.33899999999999997,0.583,0.895,0.2,2.5,0.7,0.3,0.2,5.0,0.4,34,1.5,13.1,695,10.8,7.9,8.7,0.9,0.6
273,303,DET,2393887,Zaza Pachulia,C,69,57,2.2,0.564,0.0,0.0,0.564,0.8059999999999999,1.3,4.7,1.6,0.6,0.2,5.4,1.0,33,3.3,17.0,972,18.5,15.2,19.1,1.8,1.4
274,302,DET,2393887,Jose Calderon,PG,57,32,1.6,0.503,0.8,0.46399999999999997,0.624,0.8,0.2,1.5,2.1,0.5,0.0,4.5,0.7,36,1.8,11.3,914,5.2,17.4,17.1,1.5,0.3
275,298,OKC,2393887,Raymond Felton,PG,82,2,2.7,0.406,1.0,0.35200000000000004,0.479,0.818,0.3,1.9,2.5,0.6,0.2,6.9,0.9,33,2.2,13.0,1365,6.3,22.5,11.7,0.9,1.3
276,300,LAL,2393887,JaVale McGee,C,65,17,2.1,0.621,0.0,0.0,0.621,0.731,0.9,2.6,0.5,0.3,0.9,4.8,0.4,30,2.7,22.3,615,15.4,8.0,10.0,1.7,1.1
277,299,MIN,2393887,Derrick Rose,PG,25,7,3.2,0.435,0.3,0.233,0.45399999999999996,0.87,0.5,1.4,1.5,0.3,0.2,8.4,1.4,29,-0.2,11.5,420,4.7,13.6,14.5,-0.2,0.1
278,297,PHI,2393887,Amir Johnson,C,74,18,1.9,0.5379999999999999,0.1,0.313,0.5579999999999999,0.612,1.7,4.5,1.6,0.6,0.6,4.6,0.7,30,4.1,14.8,1171,15.2,13.9,15.6,2.1,2.0
279,296,WAS,2393887,Jeff Green,PF,78,13,3.8,0.47700000000000004,0.7,0.312,0.52,0.868,0.8,3.2,1.3,0.5,0.4,10.8,1.0,31,3.9,14.8,1828,7.6,8.0,9.4,3.1,0.8
280,306,ATL,2304226,Jamal Crawford,SG,80,0,3.9,0.415,1.3,0.331,0.485,0.903,0.3,1.2,2.3,0.5,0.1,10.3,1.2,37,1.3,13.0,1653,3.5,16.9,10.7,0.9,0.3
281,307,ATL,2299080,John Collins,PF,74,26,4.2,0.5760000000000001,0.2,0.34,0.591,0.715,2.4,7.3,1.3,0.6,1.1,10.5,1.4,20,5.4,18.3,1785,16.9,8.9,14.3,3.4,2.0
282,308,CHI,2280600,Denzel Valentine,SG,77,37,3.9,0.41700000000000004,1.9,0.386,0.517,0.745,0.6,5.1,3.2,0.8,0.1,10.2,1.3,24,2.5,12.1,2095,10.1,17.8,11.8,1.0,1.5
283,309,CLE,2272391,Larry Nance,C,66,27,3.6,0.581,0.0,0.16699999999999998,0.584,0.664,2.4,6.8,1.2,1.3,0.6,8.7,0.8,25,5.8,20.2,1421,17.3,8.6,9.7,3.6,2.3
284,312,MIL,2222803,Brandon Jennings,PG,14,0,1.9,0.375,0.6,0.273,0.43799999999999994,1.0,0.4,2.2,3.1,0.4,0.3,5.2,1.3,28,0.1,12.7,205,8.9,31.1,19.1,0.0,0.1
285,314,NOP,2205000,Darius Miller,SF,82,3,2.6,0.444,1.8,0.41100000000000003,0.594,0.866,0.2,2.0,1.4,0.3,0.2,7.8,0.7,27,3.0,9.3,1944,4.6,7.5,10.1,2.1,0.9
286,315,DEN,2166360,Juan Hernangomez,PF,25,3,1.2,0.387,0.6,0.28,0.48,0.833,0.7,2.2,0.5,0.2,0.1,3.3,0.4,22,0.4,9.7,277,11.0,5.9,10.1,0.2,0.1
287,316,GSW,2165481,Jonas Jerebko,PF,74,19,2.1,0.466,0.9,0.414,0.562,0.807,0.7,3.3,0.6,0.3,0.2,5.8,0.4,30,3.4,13.2,1134,12.3,5.7,6.9,1.8,1.6
288,318,UTA,2150000,Raul Neto,PG,41,0,1.7,0.457,0.5,0.40399999999999997,0.52,0.743,0.2,1.2,1.8,0.3,0.1,4.5,0.9,25,0.9,11.9,498,5.6,23.0,17.8,0.3,0.6
289,320,OKC,2118840,Terrance Ferguson,SG,61,12,1.1,0.414,0.7,0.33299999999999996,0.5329999999999999,0.9,0.3,0.8,0.3,0.4,0.2,3.1,0.2,19,1.2,7.4,763,3.4,3.4,6.0,0.7,0.5
290,321,MEM,2116955,Omri Casspi,SF,53,7,2.3,0.58,0.2,0.455,0.604,0.725,0.6,3.8,1.0,0.3,0.4,5.7,0.7,29,2.2,15.5,740,15.1,9.5,13.5,1.2,1.0
291,323,BRK,2034120,Jarrett Allen,C,72,31,3.3,0.589,0.1,0.33299999999999996,0.596,0.7759999999999999,2.0,5.4,0.7,0.4,1.2,8.2,1.1,19,4.2,17.5,1441,14.3,5.4,15.1,2.7,1.5
292,324,DEN,2029463,Isaiah Thomas,PG,32,15,4.9,0.373,1.7,0.293,0.43799999999999994,0.893,0.5,2.1,4.8,0.5,0.1,15.2,3.0,28,0.2,12.6,862,4.2,27.1,16.6,-0.1,0.3
293,326,SAC,2000400,Georgios Papagiannis,C,17,0,1.1,0.429,0.0,,0.429,,0.8,2.2,0.5,0.2,0.4,2.1,0.5,20,0.0,12.2,122,17.2,11.2,16.0,-0.1,0.1
294,327,DEN,2000000,Torrey Craig,SF,39,5,1.6,0.45299999999999996,0.4,0.293,0.515,0.629,1.0,3.3,0.6,0.3,0.4,4.2,0.5,27,0.9,9.8,629,11.4,5.4,11.6,0.5,0.4
295,329,TOR,1952760,OG Anunoby,SF,74,62,2.2,0.47100000000000003,1.0,0.371,0.5770000000000001,0.629,0.6,2.5,0.7,0.7,0.2,5.9,0.6,20,3.0,10.0,1481,7.0,5.0,10.8,1.4,1.6
296,330,CLE,1952760,Ante Zizic,C,32,2,1.5,0.731,0.0,,0.731,0.7240000000000001,0.8,1.9,0.2,0.1,0.4,3.7,0.3,21,1.0,24.2,214,15.7,3.8,12.1,0.9,0.2
297,331,BRK,1942422,Shabazz Napier,PG,74,10,3.0,0.42,1.1,0.376,0.49700000000000005,0.841,0.4,2.3,2.0,1.1,0.2,8.7,1.2,26,3.2,14.2,1535,6.0,14.6,13.2,1.2,2.0
298,332,MIL,1933941,Tyler Zeller,C,66,34,2.8,0.56,0.2,0.35700000000000004,0.575,0.722,1.7,4.6,0.7,0.2,0.5,6.7,0.7,28,2.9,16.0,1109,15.2,6.7,11.3,2.0,0.9
299,336,DEN,1874640,Tyler Lydon,PF,1,0,0.0,,0.0,,,,0.0,0.0,0.0,0.0,0.0,0.0,0.0,21,0.0,0.0,2,0.0,0.0,,0.0,0.0
300,338,DET,1857480,Henry Ellenson,PF,38,0,1.4,0.363,0.5,0.33299999999999996,0.43200000000000005,0.862,0.3,2.1,0.5,0.1,0.0,4.0,0.5,21,0.1,10.5,329,13.6,9.4,10.2,-0.2,0.4
301,340,NYK,1795015,Trey Burke,PG,36,9,5.4,0.503,1.1,0.36200000000000004,0.552,0.649,0.4,2.0,4.7,0.7,0.1,12.8,1.2,25,2.4,21.0,785,5.0,36.4,9.5,2.0,0.3
302,341,NOP,1795015,DeAndre Liggins,SG,58,4,0.7,0.377,0.3,0.358,0.467,0.4,0.1,1.3,0.8,0.6,0.2,1.7,0.3,29,0.5,6.0,724,5.9,8.4,15.6,-0.2,0.7
303,342,DAL,1795015,Jeff Withey,C,9,0,0.7,0.375,0.2,0.2,0.43799999999999994,0.5,0.1,1.1,0.0,0.0,0.3,1.7,0.2,27,0.0,8.3,39,14.2,0.0,10.6,-0.1,0.1
304,343,DEN,1773840,Malik Beasley,SG,62,0,1.2,0.41,0.5,0.341,0.489,0.667,0.2,1.1,0.5,0.2,0.1,3.2,0.4,21,0.3,9.0,583,6.9,7.4,11.1,0.1,0.3
305,345,OKC,1757429,Nerlens Noel,C,30,6,1.8,0.524,0.0,0.0,0.524,0.75,1.6,5.6,0.7,1.0,0.7,4.4,0.9,23,1.3,16.2,472,19.8,6.3,18.1,0.4,1.0
306,346,HOU,1757429,Michael Carter-Williams,PG,52,2,1.5,0.332,0.3,0.237,0.36200000000000004,0.82,0.7,2.7,2.2,0.8,0.4,4.6,1.0,26,0.9,10.8,835,8.9,19.4,16.2,-0.2,1.1
307,347,POR,1740000,Caleb Swanigan,PF,27,3,0.9,0.4,0.0,0.125,0.408,0.667,0.6,2.0,0.5,0.2,0.1,2.3,0.7,20,0.0,7.5,189,15.6,10.8,20.9,-0.3,0.3
308,348,PHI,1740000,Furkan Korkmaz,SG,14,0,0.6,0.28600000000000003,0.4,0.294,0.375,0.5,0.1,0.8,0.3,0.1,0.1,1.6,0.1,20,0.0,3.4,80,7.4,6.7,6.3,-0.1,0.1
309,349,NOP,1709538,Ian Clark,SG,74,2,3.0,0.44799999999999995,0.8,0.318,0.511,0.763,0.1,1.7,1.5,0.4,0.1,7.4,0.8,26,1.1,9.4,1455,4.7,10.4,9.9,0.3,0.8
310,351,BRK,1702800,Caris LeVert,SF,71,10,4.5,0.435,1.2,0.34700000000000003,0.493,0.711,0.7,3.7,4.2,1.2,0.3,12.1,2.2,23,2.3,14.3,1864,7.4,26.0,15.8,0.7,1.6
311,352,LAL,1689840,Kyle Kuzma,PF,77,37,6.1,0.45,2.1,0.366,0.527,0.7070000000000001,1.1,6.3,1.8,0.6,0.4,16.1,1.8,22,3.8,14.2,2401,10.7,9.1,11.0,1.5,2.3
312,353,UTA,1679520,Tony Bradley,C,9,0,0.3,0.273,0.0,0.0,0.273,1.0,0.4,1.2,0.1,0.0,0.0,0.9,0.0,20,0.0,9.5,29,21.5,5.0,0.0,0.0,0.0
313,354,SAS,1667160,Derrick White,PG,17,0,0.9,0.485,0.5,0.615,0.606,0.7,0.3,1.5,0.5,0.2,0.2,3.2,0.4,23,0.5,15.9,139,10.4,9.3,12.6,0.3,0.2
314,355,BRK,1656092,Spencer Dinwiddie,PG,80,58,4.1,0.387,1.8,0.326,0.47100000000000003,0.813,0.5,3.2,6.6,0.9,0.3,12.6,1.6,24,5.7,15.9,2306,6.0,35.0,11.8,4.3,1.4
315,356,LAL,1655160,Josh Hart,SG,63,23,2.8,0.469,1.2,0.396,0.573,0.7020000000000001,0.7,4.2,1.3,0.7,0.3,7.9,0.7,22,3.4,12.2,1461,9.6,7.6,10.1,1.9,1.5
316,359,ATL,1634640,DeAndre' Bembry,SF,26,3,2.0,0.414,0.4,0.36700000000000005,0.457,0.5760000000000001,0.3,2.8,1.9,0.8,0.5,5.2,1.8,23,-0.4,7.6,455,8.8,15.9,24.8,-0.9,0.5
317,361,POR,1621415,Nik Stauskas,SG,41,0,1.5,0.39,1.0,0.4,0.519,0.7240000000000001,0.1,1.6,1.0,0.2,0.1,4.4,0.6,24,0.3,9.0,523,6.5,11.1,13.5,0.1,0.3
318,362,HOU,1621415,James Ennis,SF,72,22,2.5,0.474,0.7,0.33299999999999996,0.54,0.836,1.0,3.1,1.0,0.7,0.3,7.1,0.8,27,3.1,11.6,1604,8.0,6.6,11.4,2.0,1.1
319,364,NYK,1619000,Luke Kornet,PF,20,1,2.5,0.392,1.4,0.354,0.504,0.727,0.6,3.2,1.3,0.3,0.8,6.7,0.6,22,0.5,13.6,326,10.9,11.6,8.5,0.2,0.3
320,366,PHO,1600520,Richaun Holmes,C,48,2,2.8,0.56,0.1,0.129,0.568,0.6609999999999999,1.2,4.4,1.3,0.4,0.6,6.5,0.5,24,2.8,17.4,746,15.2,12.3,8.6,1.6,1.3
321,367,PHI,1600520,T.J. McConnell,PG,76,1,2.8,0.499,0.4,0.435,0.531,0.795,0.5,3.0,4.0,1.2,0.2,6.3,1.5,25,3.8,12.5,1706,7.1,24.5,20.4,1.3,2.5
322,368,TOR,1569360,Malachi Richardson,SG,26,4,1.2,0.33299999999999996,0.5,0.3,0.4,0.773,0.2,1.3,0.5,0.4,0.0,3.4,0.4,22,-0.1,5.9,324,6.0,5.6,9.1,-0.2,0.1
323,369,GSW,1567007,Kevon Looney,C,66,4,1.7,0.58,0.0,0.2,0.583,0.545,1.3,3.3,0.6,0.5,0.8,4.0,0.5,21,2.8,14.8,910,13.2,6.0,12.0,1.5,1.3
324,389,CHI,1544951,Kay Felder,PG,16,0,1.3,0.3,0.3,0.21100000000000002,0.32899999999999996,0.917,0.2,1.1,1.3,0.2,0.1,3.6,1.0,22,-0.5,3.6,140,6.9,22.0,17.5,-0.6,0.1
325,388,CLE,1544951,Okaro White,PF,6,4,1.2,0.43799999999999994,0.7,0.364,0.563,0.667,0.5,1.8,0.3,0.2,0.2,3.3,0.2,25,0.2,8.9,80,7.7,3.5,5.5,0.1,0.1
326,387,DAL,1544951,Dorian Finney-Smith,PF,21,13,2.2,0.38,1.0,0.299,0.46299999999999997,0.733,1.0,3.6,1.2,0.5,0.2,5.9,1.0,24,0.1,7.6,448,9.3,8.4,14.1,-0.2,0.3
327,386,MEM,1544951,Andrew Harrison,PG,56,46,3.2,0.42200000000000004,0.8,0.331,0.47700000000000004,0.78,0.4,2.3,3.2,0.7,0.5,9.5,1.4,23,1.7,12.7,1326,5.7,21.3,14.0,1.0,0.7
328,385,POR,1544951,Jake Layman,SF,35,1,0.4,0.298,0.1,0.2,0.34,0.667,0.1,0.5,0.3,0.2,0.1,1.0,0.1,23,-0.1,4.9,160,5.5,9.4,9.4,-0.3,0.2
329,384,UTA,1544951,David Stockton,PG,3,0,0.7,0.667,0.7,0.667,1.0,1.0,0.0,0.0,0.0,0.0,0.0,3.3,0.3,26,0.1,33.9,9,0.0,0.0,17.4,0.1,0.0
330,383,NOP,1544951,Cheick Diallo,PF,52,0,2.0,0.58,0.0,,0.58,0.758,0.9,4.1,0.4,0.2,0.4,4.9,0.5,21,1.9,17.0,581,19.7,4.7,12.0,1.1,0.8
331,380,HOU,1544951,Chinanu Onuaku,C,1,0,2.0,0.4,0.0,,0.4,,1.0,4.0,1.0,0.0,0.0,4.0,3.0,21,-0.1,-3.2,22,10.2,6.4,37.5,-0.1,0.0
332,382,CHO,1544951,Willy Hernangomez,C,48,1,1.9,0.555,0.1,0.41700000000000004,0.57,0.6559999999999999,1.3,3.8,0.7,0.4,0.3,5.1,0.7,23,1.8,21.2,495,20.2,10.5,14.7,1.1,0.7
333,381,GSW,1544951,Damian Jones,C,15,0,0.7,0.5,0.0,,0.5,0.6,0.3,0.9,0.1,0.1,0.2,1.7,0.3,22,0.1,6.8,89,8.8,2.9,14.2,0.0,0.1
334,377,MIA,1544951,Rodney McGruder,SG,18,2,2.0,0.493,0.8,0.429,0.596,0.5,0.6,1.8,0.9,0.4,0.2,5.1,0.2,26,0.8,12.0,299,6.0,8.4,5.0,0.5,0.3
335,379,LAL,1544951,Ivica Zubac,C,43,0,1.4,0.5,0.0,0.0,0.5,0.765,1.0,2.9,0.6,0.2,0.3,3.7,0.6,20,1.0,15.3,410,16.0,8.8,15.3,0.5,0.5
336,373,SAC,1544951,Deyonta Davis,C,62,6,2.6,0.608,0.0,,0.608,0.667,1.2,4.0,0.6,0.2,0.6,5.8,0.5,21,2.7,16.6,943,15.3,7.1,9.9,1.9,0.8
337,378,MEM,1544951,Wayne Selden,SG,35,9,3.3,0.431,1.4,0.402,0.522,0.746,0.5,1.6,1.9,0.5,0.1,9.3,1.5,23,0.3,11.8,692,4.7,16.0,15.5,0.1,0.2
338,371,SAS,1544951,Dejounte Murray,PG,81,48,3.3,0.44299999999999995,0.1,0.265,0.451,0.7090000000000001,1.4,5.7,2.9,1.2,0.4,8.1,1.7,21,3.2,15.1,1743,14.6,20.2,16.6,-0.2,3.4
339,372,SAC,1544951,Skal Labissiere,PF,60,28,3.4,0.44799999999999995,0.3,0.353,0.467,0.805,1.7,4.8,1.2,0.4,0.8,8.7,1.2,21,1.4,14.3,1240,13.2,9.1,12.5,0.4,1.0
340,370,TOR,1544951,Pascal Siakam,PF,81,5,3.1,0.508,0.4,0.22,0.537,0.621,1.0,4.5,2.0,0.8,0.5,7.3,0.8,23,4.7,14.5,1679,12.1,13.5,11.1,2.1,2.5
341,374,POR,1544951,Wade Baldwin,PG,7,0,2.0,0.667,0.6,0.8,0.762,0.6,0.1,1.1,0.7,0.3,0.1,5.4,0.6,21,0.3,16.6,80,5.5,9.8,13.6,0.2,0.1
342,375,PHI,1544951,Timothe Luwawu-Cabarrot,SF,52,7,1.9,0.375,1.0,0.335,0.474,0.7929999999999999,0.3,1.4,1.0,0.2,0.1,5.8,0.7,22,0.8,7.0,807,4.8,9.3,11.5,0.1,0.7
343,376,MIL,1544951,Malcolm Brogdon,PG,48,20,5.1,0.485,1.3,0.385,0.547,0.882,0.5,3.3,3.2,0.9,0.3,13.0,1.4,25,2.7,14.3,1436,6.4,16.3,10.9,2.0,0.7
344,390,UTA,1512601,Georges Niang,PF,9,0,0.4,0.364,0.0,0.0,0.364,0.5,0.3,1.0,0.3,0.2,0.0,1.0,0.3,24,0.0,9.2,32,16.0,14.0,20.2,-0.1,0.1
345,391,MIA,1512601,Derrick Jones,SF,20,8,1.1,0.396,0.2,0.16699999999999998,0.425,0.667,1.1,1.9,0.5,0.2,0.7,3.1,0.4,20,0.4,10.1,245,8.7,5.1,9.9,0.1,0.2
346,395,GSW,1378252,Jordan Bell,C,57,13,2.0,0.627,0.0,0.0,0.627,0.682,1.1,3.6,1.8,0.6,1.0,4.6,0.9,23,2.9,18.0,809,14.3,16.9,20.0,1.6,1.4
347,417,PHO,1378242,Shaquille Harrison,PG,23,2,2.6,0.47600000000000003,0.3,0.231,0.5,0.737,0.4,2.7,2.4,1.1,0.3,6.6,1.0,24,0.8,15.6,384,8.5,22.2,13.5,0.4,0.4
348,413,IND,1378242,Ike Anigbogu,C,11,0,0.4,0.444,0.0,,0.444,0.833,0.5,0.8,0.0,0.1,0.3,1.2,0.2,19,0.1,21.6,30,16.9,0.0,14.7,0.1,0.0
349,414,OKC,1378242,Abdel Nader,SF,48,1,1.0,0.336,0.5,0.354,0.413,0.59,0.3,1.5,0.5,0.3,0.2,3.0,0.7,24,-0.1,5.1,522,7.4,7.1,17.0,-0.9,0.8
350,415,UTA,1378242,Royce O'Neale,SF,69,4,1.7,0.423,0.6,0.35600000000000004,0.496,0.8029999999999999,0.4,3.4,1.4,0.5,0.2,5.0,0.8,24,2.4,10.8,1150,11.7,12.0,14.8,0.5,1.8
351,416,SAS,1378242,Brandon Paul,SG,64,2,0.9,0.433,0.2,0.278,0.49200000000000005,0.512,0.1,1.1,0.6,0.4,0.1,2.3,0.5,26,0.5,7.5,576,6.5,9.0,16.6,-0.3,0.8
352,422,BOS,1378242,Rodney Purvis,SG,16,2,2.2,0.327,0.8,0.25,0.38799999999999996,0.867,0.1,1.7,1.1,0.2,0.2,6.0,0.6,23,-0.3,4.5,290,5.1,8.5,8.1,-0.4,0.1
353,418,LAC,1378242,C.J. Williams,SG,38,17,2.3,0.442,0.6,0.282,0.49700000000000005,0.813,0.3,1.5,1.1,0.8,0.3,5.5,0.5,27,0.7,9.5,707,4.4,8.5,8.9,0.3,0.5
354,419,HOU,1378242,Zhou Qi,C,18,0,0.3,0.188,0.1,0.105,0.21899999999999997,0.667,0.3,1.2,0.1,0.1,0.8,1.2,0.6,22,-0.3,1.9,124,10.0,2.1,21.2,-0.5,0.2
355,420,DAL,1378242,Maxi Kleber,PF,72,36,2.1,0.489,0.6,0.313,0.5529999999999999,0.746,1.0,3.3,0.7,0.4,0.7,5.4,0.4,26,2.8,13.4,1206,10.8,6.4,8.2,1.6,1.2
356,421,CHI,1378242,Antonius Cleveland,SG,17,0,0.5,0.381,0.2,0.75,0.452,0.667,0.2,0.8,0.1,0.4,0.3,1.4,0.4,23,0.0,4.5,123,6.3,2.2,22.8,-0.2,0.2
357,411,ATL,1378242,Tyler Dorsey,SG,56,5,2.6,0.377,1.3,0.36200000000000004,0.47100000000000003,0.7140000000000001,0.3,2.3,1.4,0.3,0.1,7.2,0.7,21,0.4,10.0,974,7.4,12.5,8.3,0.0,0.4
358,412,BOS,1378242,Semi Ojeleye,PF,73,0,0.9,0.34600000000000003,0.5,0.32,0.452,0.61,0.5,2.2,0.3,0.3,0.1,2.7,0.3,23,1.2,4.6,1150,7.7,2.4,10.8,-0.2,1.3
359,407,LAC,1378242,Jawun Evans,PG,48,4,1.9,0.35200000000000004,0.3,0.278,0.381,0.7759999999999999,0.2,1.8,2.1,0.8,0.1,4.8,0.9,21,-0.2,7.2,778,5.9,17.8,13.8,-0.8,0.6
360,410,BOS,1378242,Daniel Theis,C,63,3,2.0,0.541,0.3,0.31,0.579,0.753,1.4,4.3,0.9,0.5,0.8,5.3,0.9,25,3.5,16.1,936,16.0,9.1,17.2,1.6,1.9
361,401,NYK,1378242,Damyean Dotson,SG,44,2,1.6,0.447,0.5,0.324,0.516,0.696,0.2,1.9,0.7,0.3,0.0,4.1,0.4,23,0.6,11.6,474,9.8,9.5,9.0,0.3,0.3
362,397,SAC,1378242,Frank Mason,PG,52,2,2.8,0.379,0.6,0.36,0.42,0.8170000000000001,0.6,2.5,2.8,0.7,0.2,7.9,1.3,23,0.5,13.0,984,7.5,22.7,13.1,0.0,0.6
363,398,PHO,1378242,Davon Reed,SG,21,1,1.0,0.289,0.5,0.289,0.36200000000000004,0.667,0.1,1.9,0.6,0.5,0.1,3.0,0.5,22,-0.3,4.8,242,8.6,7.6,11.0,-0.5,0.2
364,409,CHO,1378242,Dwayne Bacon,SG,53,6,1.4,0.375,0.2,0.256,0.40399999999999997,0.8,0.1,2.3,0.7,0.3,0.0,3.3,0.4,22,-0.1,5.8,713,9.4,7.5,10.2,-0.7,0.6
365,400,ORL,1378242,Wesley Iwundu,SF,62,12,1.5,0.42700000000000005,0.1,0.196,0.447,0.723,0.6,2.2,0.9,0.5,0.2,3.7,0.5,23,0.7,7.8,1020,7.4,7.8,11.2,0.0,0.7
366,399,ORL,1378242,Khem Birch,C,42,0,1.6,0.54,0.0,,0.54,0.6890000000000001,1.7,4.3,0.8,0.4,0.5,4.2,0.5,25,1.8,16.4,578,17.1,8.5,12.1,1.2,0.6
367,402,MIL,1378242,Sterling Brown,SG,54,4,1.5,0.4,0.6,0.35200000000000004,0.478,0.875,0.5,2.6,0.5,0.6,0.2,4.0,0.5,22,0.7,9.1,776,10.8,4.5,10.4,0.0,0.7
368,404,MEM,1378242,Dakari Johnson,C,31,6,0.7,0.564,0.0,,0.564,0.55,0.5,1.1,0.3,0.2,0.3,1.8,0.1,22,0.6,16.4,161,11.7,7.2,5.9,0.4,0.2
369,405,MEM,1378242,Ivan Rabb,PF,36,5,2.4,0.5660000000000001,0.0,,0.5660000000000001,0.8059999999999999,1.5,4.4,0.9,0.3,0.4,5.6,1.0,20,1.2,16.6,516,17.7,10.4,17.3,0.7,0.5
370,406,MEM,1378242,Dillon Brooks,SF,82,74,4.1,0.44,1.1,0.35600000000000004,0.501,0.747,0.6,3.1,1.6,0.9,0.2,11.0,1.5,22,1.2,9.8,2350,6.3,9.3,12.8,0.1,1.1
371,408,LAC,1378242,Sindarius Thornwell,SG,73,17,1.4,0.429,0.3,0.377,0.479,0.67,0.5,1.9,0.9,0.7,0.3,3.9,0.7,23,1.0,8.2,1156,6.7,7.8,16.3,0.1,0.9
372,424,CHI,1349383,Antonio Blakeney,SG,19,0,2.8,0.371,0.8,0.28800000000000003,0.423,0.769,0.2,1.7,1.1,0.4,0.1,7.9,0.6,21,0.0,10.1,314,5.6,10.1,6.4,-0.2,0.1
373,425,MIN,1238616,Shabazz Muhammad,SF-SG,43,2,2.0,0.447,0.2,0.259,0.465,0.78,0.5,1.8,0.3,0.2,0.1,5.0,0.1,25,0.7,15.4,418,10.6,5.7,2.8,0.5,0.2
374,431,ORL,1000000,Shelvin Mack,PG,69,3,2.6,0.43,0.7,0.345,0.488,0.711,0.3,2.4,3.9,0.8,0.1,6.9,1.3,27,2.0,13.3,1365,6.7,29.5,16.3,1.0,1.0
375,444,MIN,685341,Cole Aldrich,C,21,0,0.2,0.33299999999999996,0.0,,0.33299999999999996,0.33299999999999996,0.1,0.7,0.1,0.1,0.0,0.6,0.0,29,0.0,6.0,49,17.7,8.2,5.4,-0.1,0.1
376,451,HOU,122741,Troy Williams,SF,21,1,2.4,0.46799999999999997,0.5,0.289,0.518,0.667,1.0,3.0,0.8,1.0,0.2,6.3,0.9,23,0.5,15.1,307,11.4,7.7,13.5,0.2,0.4
377,452,BOS,92857,Demetrius Jackson,PG,15,0,0.5,0.389,0.1,0.14300000000000002,0.41700000000000004,0.5,0.3,0.8,0.6,0.3,0.1,1.1,0.7,23,-0.1,5.4,80,8.4,15.9,34.6,-0.2,0.1
